0 1.00 2999.00 1.00 0.00
1 1.00 2999.00 1.00 0.00
2 1.10 2998.90 1.10 0.00
3 1.00 2999.00 1.00 0.00
4 1.00 2999.00 1.00 0.00
5 1.00 2999.00 1.00 0.00
6 1.40 2997.70 2.30 0.00
7 1.70 2998.30 1.70 0.00
8 2.00 2997.40 2.60 0.00
9 1.50 2998.50 1.50 0.00
10 1.30 2998.70 1.30 0.00
11 1.20 2998.70 1.30 0.00
12 1.90 2993.40 6.60 0.00
13 1.30 2998.70 1.30 0.00
14 1.70 2998.20 1.80 0.00
15 1.80 2998.00 2.00 0.00
16 1.70 2998.00 2.00 0.00
17 1.40 2996.80 3.20 0.00
18 3.20 2992.50 7.50 0.00
19 1.90 2997.30 2.70 0.00
20 1.80 2997.90 2.10 0.00
21 4.30 2946.40 53.60 0.00
22 2.50 2994.70 5.30 0.00
23 3.20 2974.90 25.10 0.00
24 7.90 2883.80 116.20 0.00
25 3.00 2939.70 60.30 0.00
26 12.80 2697.50 302.50 0.00
27 2.20 2995.80 4.20 0.00
28 4.80 2924.60 75.40 0.00
29 5.10 2855.30 144.70 0.00
30 6.60 2739.30 260.70 0.00
31 6.60 2730.80 269.20 0.00
32 6.60 2716.80 283.20 0.00
33 8.00 2577.40 422.60 0.00
34 5.40 2775.20 224.80 0.00
35 9.10 2535.70 464.30 0.00
36 4.30 2776.60 223.40 0.00
37 4.20 2759.60 240.40 0.00
38 7.30 2629.10 370.90 0.00
39 9.80 2463.90 536.10 0.00
40 8.30 2444.60 555.40 0.00
41 12.20 2166.70 833.30 0.00
42 12.40 2112.10 887.90 0.00
43 9.90 2249.70 750.30 0.00
44 8.20 2372.90 627.10 0.00
45 11.30 1867.90 1132.10 0.00
46 12.40 1821.30 1178.70 0.00
47 11.90 1794.00 1206.00 0.00
48 13.00 1776.80 1223.20 0.00
49 11.40 1742.20 1257.80 0.00
50 8.00 2264.60 735.40 0.00
51 11.10 1679.90 1320.10 0.00
52 5.90 2417.80 582.20 0.00
53 7.40 2217.80 782.20 0.00
54 7.40 2196.60 803.40 0.00
55 12.20 1380.50 1619.50 0.00
56 9.60 1751.80 1248.20 0.00
57 12.60 1326.00 1674.00 0.00
58 11.20 1518.70 1481.30 0.00
59 10.60 1471.40 1528.60 0.00
60 11.90 1246.60 1753.40 0.00
61 12.10 1218.30 1781.70 0.00
62 11.10 1419.90 1580.10 0.00
63 12.00 943.90 2056.10 0.00
64 11.30 1150.50 1849.50 0.00
65 13.20 881.20 2118.80 0.00
66 10.80 1086.90 1913.10 0.00
67 10.60 1065.20 1934.80 0.00
68 10.60 1036.20 1963.80 0.00
69 11.20 1019.20 1980.80 0.00
70 13.20 513.50 2486.50 0.00
71 11.70 738.30 2261.70 0.00
72 11.60 726.60 2273.40 0.00
73 11.70 695.20 2304.80 0.00
74 9.30 1183.90 1816.10 0.00
75 12.00 651.10 2348.90 0.00
76 11.20 364.40 2635.60 0.00
77 10.90 620.80 2379.20 0.00
78 10.50 867.40 2132.60 0.00
79 12.40 312.30 2687.70 0.00
80 11.70 275.50 2724.50 0.00
81 11.20 267.80 2732.20 0.00
82 11.40 265.90 2734.10 0.00
83 10.20 514.90 2485.10 0.00
84 11.20 224.70 2775.30 0.00
85 12.00 207.60 2792.40 0.00
86 9.00 746.10 2253.90 0.00
87 11.00 174.20 2825.80 0.00
88 11.10 154.10 2845.90 0.00
89 10.70 132.30 2867.70 0.00
90 10.60 116.80 2883.20 0.00
91 10.20 114.30 2885.70 0.00
92 10.60 91.60 2908.40 0.00
93 10.50 77.40 2922.60 0.00
94 10.20 59.50 2940.50 0.00
95 10.50 54.40 2945.60 0.00
96 9.60 37.50 2962.50 0.00
97 9.90 24.70 2975.30 0.00
98 9.50 11.40 2988.60 0.00
99 9.80 0.00 3000.00 0.00
