0 1 2999 1 0
0 1 2999 1 0
0 1 2999 1 0
0 1 2999 1 0
0 1 2999 1 0
0 1 2999 1 0
0 1 2999 1 0
0 1 2999 1 0
0 1 2999 1 0
0 1 2999 1 0
1 1 2999 1 0
1 1 2999 1 0
1 1 2999 1 0
1 1 2999 1 0
1 1 2999 1 0
1 1 2999 1 0
1 1 2999 1 0
1 1 2999 1 0
1 1 2999 1 0
1 1 2999 1 0
2 1 2999 1 0
2 1 2999 1 0
2 1 2999 1 0
2 1 2999 1 0
2 1 2999 1 0
2 2 2998 2 0
2 1 2999 1 0
2 1 2999 1 0
2 1 2999 1 0
2 1 2999 1 0
3 1 2999 1 0
3 1 2999 1 0
3 1 2999 1 0
3 1 2999 1 0
3 1 2999 1 0
3 1 2999 1 0
3 1 2999 1 0
3 1 2999 1 0
3 1 2999 1 0
3 1 2999 1 0
4 1 2999 1 0
4 1 2999 1 0
4 1 2999 1 0
4 1 2999 1 0
4 1 2999 1 0
4 1 2999 1 0
4 1 2999 1 0
4 1 2999 1 0
4 1 2999 1 0
4 1 2999 1 0
5 1 2999 1 0
5 1 2999 1 0
5 1 2999 1 0
5 1 2999 1 0
5 1 2999 1 0
5 1 2999 1 0
5 1 2999 1 0
5 1 2999 1 0
5 1 2999 1 0
5 1 2999 1 0
6 1 2999 1 0
6 1 2999 1 0
6 1 2999 1 0
6 1 2999 1 0
6 1 2999 1 0
6 1 2999 1 0
6 1 2999 1 0
6 1 2999 1 0
6 2 2998 2 0
6 4 2987 13 0
7 1 2999 1 0
7 2 2998 2 0
7 1 2999 1 0
7 4 2996 4 0
7 1 2999 1 0
7 1 2999 1 0
7 1 2999 1 0
7 1 2999 1 0
7 1 2999 1 0
7 4 2996 4 0
8 2 2998 2 0
8 1 2999 1 0
8 1 2999 1 0
8 1 2999 1 0
8 2 2998 2 0
8 1 2999 1 0
8 3 2997 3 0
8 2 2998 2 0
8 5 2989 11 0
8 2 2998 2 0
9 1 2999 1 0
9 1 2999 1 0
9 1 2999 1 0
9 2 2998 2 0
9 2 2998 2 0
9 1 2999 1 0
9 1 2999 1 0
9 3 2997 3 0
9 2 2998 2 0
9 1 2999 1 0
10 1 2999 1 0
10 2 2998 2 0
10 1 2999 1 0
10 1 2999 1 0
10 1 2999 1 0
10 3 2997 3 0
10 1 2999 1 0
10 1 2999 1 0
10 1 2999 1 0
10 1 2999 1 0
11 1 2999 1 0
11 1 2999 1 0
11 1 2999 1 0
11 1 2999 1 0
11 1 2999 1 0
11 3 2996 4 0
11 1 2999 1 0
11 1 2999 1 0
11 1 2999 1 0
11 1 2999 1 0
12 1 2999 1 0
12 2 2998 2 0
12 1 2999 1 0
12 8 2945 55 0
12 1 2999 1 0
12 1 2999 1 0
12 2 2998 2 0
12 1 2999 1 0
12 1 2999 1 0
12 1 2999 1 0
13 1 2999 1 0
13 1 2999 1 0
13 1 2999 1 0
13 1 2999 1 0
13 1 2999 1 0
13 2 2998 2 0
13 1 2999 1 0
13 3 2997 3 0
13 1 2999 1 0
13 1 2999 1 0
14 3 2997 3 0
14 3 2996 4 0
14 1 2999 1 0
14 2 2998 2 0
14 1 2999 1 0
14 3 2997 3 0
14 1 2999 1 0
14 1 2999 1 0
14 1 2999 1 0
14 1 2999 1 0
15 1 2999 1 0
15 2 2998 2 0
15 5 2994 6 0
15 1 2999 1 0
15 1 2999 1 0
15 3 2996 4 0
15 1 2999 1 0
15 1 2999 1 0
15 2 2998 2 0
15 1 2999 1 0
16 1 2999 1 0
16 1 2999 1 0
16 1 2999 1 0
16 2 2998 2 0
16 1 2999 1 0
16 1 2999 1 0
16 1 2999 1 0
16 2 2998 2 0
16 1 2999 1 0
16 6 2991 9 0
17 1 2999 1 0
17 1 2999 1 0
17 1 2999 1 0
17 1 2999 1 0
17 1 2999 1 0
17 1 2999 1 0
17 1 2999 1 0
17 1 2999 1 0
17 5 2977 23 0
17 1 2999 1 0
18 3 2997 3 0
18 2 2998 2 0
18 6 2988 12 0
18 10 2954 46 0
18 3 2996 4 0
18 1 2999 1 0
18 1 2999 1 0
18 1 2999 1 0
18 4 2996 4 0
18 1 2999 1 0
19 3 2994 6 0
19 1 2999 1 0
19 1 2999 1 0
19 1 2999 1 0
19 3 2996 4 0
19 1 2999 1 0
19 3 2995 5 0
19 1 2999 1 0
19 4 2994 6 0
19 1 2999 1 0
20 1 2999 1 0
20 1 2999 1 0
20 1 2999 1 0
20 1 2999 1 0
20 1 2999 1 0
20 8 2989 11 0
20 1 2999 1 0
20 1 2999 1 0
20 2 2998 2 0
20 1 2999 1 0
21 14 2780 220 0
21 1 2999 1 0
21 1 2999 1 0
21 1 2999 1 0
21 16 2711 289 0
21 6 2980 20 0
21 1 2999 1 0
21 1 2999 1 0
21 1 2999 1 0
21 1 2999 1 0
22 1 2999 1 0
22 1 2999 1 0
22 6 2984 16 0
22 2 2998 2 0
22 1 2999 1 0
22 1 2999 1 0
22 2 2998 2 0
22 2 2998 2 0
22 8 2974 26 0
22 1 2999 1 0
23 4 2994 6 0
23 3 2994 6 0
23 1 2999 1 0
23 1 2999 1 0
23 2 2998 2 0
23 3 2997 3 0
23 1 2999 1 0
23 1 2999 1 0
23 3 2995 5 0
23 13 2775 225 0
24 2 2998 2 0
24 1 2999 1 0
24 5 2990 10 0
24 2 2998 2 0
24 1 2999 1 0
24 32 2378 622 0
24 32 2480 520 0
24 1 2999 1 0
24 2 2998 2 0
24 1 2999 1 0
25 1 2999 1 0
25 1 2999 1 0
25 1 2999 1 0
25 2 2998 2 0
25 2 2998 2 0
25 2 2998 2 0
25 2 2998 2 0
25 1 2999 1 0
25 4 2996 4 0
25 14 2413 587 0
26 17 2410 590 0
26 27 2402 598 0
26 1 2999 1 0
26 24 2385 615 0
26 1 2999 1 0
26 1 2999 1 0
26 1 2999 1 0
26 23 2443 557 0
26 1 2999 1 0
26 32 2340 660 0
27 5 2985 15 0
27 1 2999 1 0
27 2 2998 2 0
27 2 2998 2 0
27 1 2999 1 0
27 1 2999 1 0
27 6 2984 16 0
27 1 2999 1 0
27 1 2999 1 0
27 2 2998 2 0
28 1 2999 1 0
28 1 2999 1 0
28 6 2993 7 0
28 2 2997 3 0
28 28 2268 732 0
28 2 2998 2 0
28 1 2999 1 0
28 2 2998 2 0
28 4 2996 4 0
28 1 2999 1 0
29 1 2999 1 0
29 1 2999 1 0
29 2 2998 2 0
29 19 2254 746 0
29 2 2998 2 0
29 20 2311 689 0
29 1 2999 1 0
29 1 2999 1 0
29 1 2999 1 0
29 3 2997 3 0
30 1 2999 1 0
30 19 2083 917 0
30 1 2999 1 0
30 1 2999 1 0
30 1 2999 1 0
30 1 2999 1 0
30 19 2172 828 0
30 21 2145 855 0
30 1 2999 1 0
30 1 2999 1 0
31 1 2999 1 0
31 16 2106 894 0
31 1 2999 1 0
31 2 2998 2 0
31 1 2999 1 0
31 17 2120 880 0
31 6 2992 8 0
31 1 2999 1 0
31 1 2999 1 0
31 20 2097 903 0
32 1 2999 1 0
32 3 2997 3 0
32 1 2999 1 0
32 24 2072 928 0
32 1 2999 1 0
32 1 2999 1 0
32 16 2036 964 0
32 1 2999 1 0
32 17 2069 931 0
32 1 2999 1 0
33 18 1914 1086 0
33 4 2996 4 0
33 1 2999 1 0
33 17 1966 1034 0
33 1 2999 1 0
33 15 1937 1063 0
33 1 2999 1 0
33 1 2999 1 0
33 2 2998 2 0
33 20 1967 1033 0
34 1 2999 1 0
34 3 2996 4 0
34 1 2999 1 0
34 2 2998 2 0
34 19 1845 1155 0
34 1 2999 1 0
34 1 2999 1 0
34 24 1919 1081 0
34 1 2999 1 0
34 1 2999 1 0
35 3 2997 3 0
35 1 2999 1 0
35 1 2999 1 0
35 1 2999 1 0
35 24 1817 1183 0
35 22 1893 1107 0
35 1 2999 1 0
35 1 2999 1 0
35 18 1851 1149 0
35 19 1804 1196 0
36 14 1939 1061 0
36 1 2999 1 0
36 1 2999 1 0
36 1 2999 1 0
36 1 2999 1 0
36 1 2999 1 0
36 1 2999 1 0
36 1 2999 1 0
36 1 2999 1 0
36 21 1835 1165 0
37 1 2999 1 0
37 15 1840 1160 0
37 1 2999 1 0
37 1 2999 1 0
37 1 2999 1 0
37 1 2999 1 0
37 5 2990 10 0
37 15 1773 1227 0
37 1 2999 1 0
37 1 2999 1 0
38 1 2999 1 0
38 1 2999 1 0
38 17 1810 1190 0
38 1 2999 1 0
38 17 1793 1207 0
38 2 2998 2 0
38 1 2999 1 0
38 29 1698 1302 0
38 1 2999 1 0
38 3 2997 3 0
39 4 2994 6 0
39 1 2999 1 0
39 20 1638 1362 0
39 1 2999 1 0
39 3 2997 3 0
39 1 2999 1 0
39 22 1610 1390 0
39 6 2983 17 0
39 21 1680 1320 0
39 19 1740 1260 0
40 1 2999 1 0
40 1 2999 1 0
40 19 1623 1377 0
40 18 1585 1415 0
40 3 2993 7 0
40 1 2999 1 0
40 19 1630 1370 0
40 18 1621 1379 0
40 2 2998 2 0
40 1 2999 1 0
41 1 2999 1 0
41 1 2999 1 0
41 18 1614 1386 0
41 1 2999 1 0
41 16 1634 1366 0
41 24 1595 1405 0
41 27 1618 1382 0
41 1 2999 1 0
41 17 1638 1362 0
41 16 1572 1428 0
42 16 1490 1510 0
42 23 1535 1465 0
42 1 2999 1 0
42 1 2999 1 0
42 17 1468 1532 0
42 1 2999 1 0
42 24 1583 1417 0
42 20 1527 1473 0
42 2 2998 2 0
42 19 1523 1477 0
43 16 1494 1506 0
43 15 1536 1464 0
43 3 2997 3 0
43 1 2999 1 0
43 2 2998 2 0
43 21 1483 1517 0
43 19 1472 1528 0
43 20 1520 1480 0
43 1 2999 1 0
43 1 2999 1 0
44 3 2997 3 0
44 22 1415 1585 0
44 2 2998 2 0
44 16 1509 1491 0
44 1 2999 1 0
44 1 2999 1 0
44 1 2999 1 0
44 18 1358 1642 0
44 17 1456 1544 0
44 1 2999 1 0
45 4 2996 4 0
45 1 2999 1 0
45 16 1388 1612 0
45 14 1426 1574 0
45 16 1347 1653 0
45 17 1344 1656 0
45 14 1375 1625 0
45 14 1359 1641 0
45 15 1447 1553 0
45 2 2998 2 0
46 16 1298 1702 0
46 4 2995 5 0
46 17 1337 1663 0
46 18 1292 1708 0
46 13 1366 1634 0
46 17 1274 1726 0
46 17 1285 1715 0
46 3 2995 5 0
46 18 1372 1628 0
46 1 2999 1 0
47 17 1302 1698 0
47 17 1393 1607 0
47 18 1315 1685 0
47 15 1222 1778 0
47 1 2999 1 0
47 1 2999 1 0
47 16 1228 1772 0
47 15 1267 1733 0
47 17 1217 1783 0
47 2 2998 2 0
48 16 1230 1770 0
48 20 1213 1787 0
48 16 1260 1740 0
48 19 1272 1728 0
48 19 1280 1720 0
48 3 2997 3 0
48 15 1256 1744 0
48 18 1264 1736 0
48 2 2998 2 0
48 2 2998 2 0
49 2 2998 2 0
49 16 1208 1792 0
49 16 1180 1820 0
49 15 1200 1800 0
49 14 1237 1763 0
49 14 1238 1762 0
49 1 2999 1 0
49 1 2999 1 0
49 18 1210 1790 0
49 17 1153 1847 0
50 16 1158 1842 0
50 1 2999 1 0
50 19 1195 1805 0
50 2 2998 2 0
50 21 1142 1858 0
50 15 1160 1840 0
50 1 2999 1 0
50 2 2998 2 0
50 1 2999 1 0
50 2 2998 2 0
51 15 1117 1883 0
51 14 1146 1854 0
51 13 1157 1843 0
51 18 1102 1898 0
51 17 1056 1944 0
51 1 2999 1 0
51 17 1088 1912 0
51 14 1136 1864 0
51 1 2999 1 0
51 1 2999 1 0
52 1 2999 1 0
52 1 2999 1 0
52 1 2999 1 0
52 2 2998 2 0
52 1 2999 1 0
52 1 2999 1 0
52 16 1058 1942 0
52 20 1087 1913 0
52 1 2999 1 0
52 15 1041 1959 0
53 1 2999 1 0
53 3 2997 3 0
53 17 1064 1936 0
53 14 1055 1945 0
53 15 1037 1963 0
53 1 2999 1 0
53 1 2999 1 0
53 5 2989 11 0
53 14 1042 1958 0
53 3 2997 3 0
54 18 1023 1977 0
54 2 2998 2 0
54 2 2998 2 0
54 2 2998 2 0
54 16 1051 1949 0
54 14 948 2052 0
54 14 956 2044 0
54 1 2999 1 0
54 4 2996 4 0
54 1 2999 1 0
55 1 2999 1 0
55 13 950 2050 0
55 17 955 2045 0
55 15 953 2047 0
55 12 991 2009 0
55 3 2997 3 0
55 16 971 2029 0
55 13 989 2011 0
55 15 1027 1973 0
55 17 973 2027 0
56 2 2998 2 0
56 14 874 2126 0
56 15 966 2034 0
56 1 2999 1 0
56 15 930 2070 0
56 1 2999 1 0
56 16 932 2068 0
56 14 889 2111 0
56 17 932 2068 0
56 1 2999 1 0
57 16 911 2089 0
57 13 876 2124 0
57 17 917 2083 0
57 2 2998 2 0
57 15 897 2103 0
57 15 908 2092 0
57 17 922 2078 0
57 16 930 2070 0
57 1 2999 1 0
57 14 902 2098 0
58 15 887 2113 0
58 15 858 2142 0
58 2 2998 2 0
58 13 916 2084 0
58 16 883 2117 0
58 16 918 2082 0
58 16 870 2130 0
58 14 863 2137 0
58 3 2996 4 0
58 2 2998 2 0
59 15 877 2123 0
59 18 820 2180 0
59 1 2999 1 0
59 15 784 2216 0
59 1 2999 1 0
59 1 2999 1 0
59 14 805 2195 0
59 12 832 2168 0
59 14 806 2194 0
59 15 793 2207 0
60 13 774 2226 0
60 14 800 2200 0
60 17 828 2172 0
60 18 824 2176 0
60 13 769 2231 0
60 16 877 2123 0
60 1 2999 1 0
60 14 786 2214 0
60 12 810 2190 0
60 1 2999 1 0
61 16 728 2272 0
61 1 2999 1 0
61 13 766 2234 0
61 13 809 2191 0
61 1 2999 1 0
61 14 770 2230 0
61 13 743 2257 0
61 17 784 2216 0
61 13 773 2227 0
61 20 812 2188 0
62 13 792 2208 0
62 13 741 2259 0
62 2 2998 2 0
62 14 736 2264 0
62 18 717 2283 0
62 14 668 2332 0
62 17 825 2175 0
62 15 727 2273 0
62 1 2999 1 0
62 4 2996 4 0
63 13 703 2297 0
63 13 700 2300 0
63 14 715 2285 0
63 12 713 2287 0
63 12 722 2278 0
63 14 732 2268 0
63 13 728 2272 0
63 15 692 2308 0
63 13 735 2265 0
63 1 2999 1 0
64 17 669 2331 0
64 15 659 2341 0
64 1 2999 1 0
64 12 675 2325 0
64 13 702 2298 0
64 15 687 2313 0
64 12 682 2318 0
64 13 698 2302 0
64 1 2999 1 0
64 14 735 2265 0
65 16 684 2316 0
65 16 626 2374 0
65 12 604 2396 0
65 14 645 2355 0
65 13 678 2322 0
65 16 679 2321 0
65 14 607 2393 0
65 16 659 2341 0
65 2 2998 2 0
65 13 632 2368 0
66 13 614 2386 0
66 2 2998 2 0
66 12 616 2384 0
66 13 642 2358 0
66 15 612 2388 0
66 12 575 2425 0
66 1 2999 1 0
66 11 578 2422 0
66 15 609 2391 0
66 14 626 2374 0
67 11 592 2408 0
67 12 563 2437 0
67 2 2998 2 0
67 14 572 2428 0
67 1 2999 1 0
67 16 589 2411 0
67 12 565 2435 0
67 14 538 2462 0
67 11 607 2393 0
67 13 629 2371 0
68 12 509 2491 0
68 13 513 2487 0
68 15 602 2398 0
68 11 560 2440 0
68 1 2999 1 0
68 12 519 2481 0
68 1 2999 1 0
68 11 552 2448 0
68 16 576 2424 0
68 14 533 2467 0
69 13 539 2461 0
69 15 493 2507 0
69 16 516 2484 0
69 1 2999 1 0
69 12 511 2489 0
69 2 2998 2 0
69 13 527 2473 0
69 12 512 2488 0
69 16 574 2426 0
69 12 523 2477 0
70 13 491 2509 0
70 13 475 2525 0
70 15 557 2443 0
70 12 520 2480 0
70 15 498 2502 0
70 15 485 2515 0
70 13 566 2434 0
70 13 561 2439 0
70 12 484 2516 0
70 11 498 2502 0
71 14 532 2468 0
71 13 511 2489 0
71 12 475 2525 0
71 14 481 2519 0
71 12 506 2494 0
71 2 2998 2 0
71 12 467 2533 0
71 12 491 2509 0
71 13 457 2543 0
71 13 465 2535 0
72 2 2998 2 0
72 12 486 2514 0
72 13 485 2515 0
72 12 451 2549 0
72 13 467 2533 0
72 13 499 2501 0
72 14 517 2483 0
72 12 459 2541 0
72 12 449 2551 0
72 13 455 2545 0
73 14 460 2540 0
73 11 431 2569 0
73 12 438 2562 0
73 13 437 2563 0
73 12 424 2576 0
73 2 2998 2 0
73 13 441 2559 0
73 13 452 2548 0
73 14 440 2560 0
73 13 431 2569 0
74 1 2999 1 0
74 16 417 2583 0
74 11 400 2600 0
74 13 437 2563 0
74 12 412 2588 0
74 11 397 2603 0
74 11 394 2606 0
74 11 390 2610 0
74 4 2996 4 0
74 3 2997 3 0
75 15 384 2616 0
75 14 423 2577 0
75 11 413 2587 0
75 2 2998 2 0
75 13 390 2610 0
75 15 400 2600 0
75 13 374 2626 0
75 13 384 2616 0
75 12 379 2621 0
75 12 366 2634 0
76 10 376 2624 0
76 11 333 2667 0
76 11 366 2634 0
76 11 368 2632 0
76 11 390 2610 0
76 11 355 2645 0
76 13 387 2613 0
76 13 363 2637 0
76 11 360 2640 0
76 10 346 2654 0
77 12 368 2632 0
77 1 2999 1 0
77 13 335 2665 0
77 13 362 2638 0
77 12 389 2611 0
77 12 376 2624 0
77 11 370 2630 0
77 12 335 2665 0
77 11 350 2650 0
77 12 324 2676 0
78 13 329 2671 0
78 13 338 2662 0
78 14 318 2682 0
78 1 2999 1 0
78 12 372 2628 0
78 12 314 2686 0
78 14 322 2678 0
78 13 340 2660 0
78 11 345 2655 0
78 2 2997 3 0
79 12 283 2717 0
79 12 312 2688 0
79 13 305 2695 0
79 12 327 2673 0
79 12 319 2681 0
79 12 324 2676 0
79 11 309 2691 0
79 14 338 2662 0
79 10 316 2684 0
79 16 290 2710 0
80 11 280 2720 0
80 11 268 2732 0
80 12 280 2720 0
80 10 281 2719 0
80 13 286 2714 0
80 13 246 2754 0
80 13 261 2739 0
80 13 284 2716 0
80 11 314 2686 0
80 10 255 2745 0
81 13 242 2758 0
81 12 250 2750 0
81 11 292 2708 0
81 11 269 2731 0
81 11 292 2708 0
81 10 267 2733 0
81 9 282 2718 0
81 10 243 2757 0
81 11 289 2711 0
81 14 252 2748 0
82 11 231 2769 0
82 11 252 2748 0
82 13 287 2713 0
82 9 276 2724 0
82 13 287 2713 0
82 13 267 2733 0
82 10 254 2746 0
82 11 270 2730 0
82 12 280 2720 0
82 11 255 2745 0
83 11 226 2774 0
83 10 234 2766 0
83 13 246 2754 0
83 1 2999 1 0
83 12 235 2765 0
83 10 237 2763 0
83 11 234 2766 0
83 10 253 2747 0
83 12 241 2759 0
83 12 244 2756 0
84 12 224 2776 0
84 11 219 2781 0
84 11 217 2783 0
84 10 227 2773 0
84 10 198 2802 0
84 11 246 2754 0
84 12 220 2780 0
84 10 224 2776 0
84 12 233 2767 0
84 13 239 2761 0
85 11 230 2770 0
85 12 220 2780 0
85 13 232 2768 0
85 12 187 2813 0
85 13 202 2798 0
85 12 208 2792 0
85 13 212 2788 0
85 12 194 2806 0
85 10 210 2790 0
85 12 181 2819 0
86 9 175 2825 0
86 12 160 2840 0
86 11 194 2806 0
86 11 182 2818 0
86 10 189 2811 0
86 11 195 2805 0
86 11 179 2821 0
86 2 2998 2 0
86 2 2998 2 0
86 11 191 2809 0
87 12 166 2834 0
87 10 174 2826 0
87 10 173 2827 0
87 12 172 2828 0
87 10 172 2828 0
87 10 164 2836 0
87 11 174 2826 0
87 11 175 2825 0
87 12 198 2802 0
87 12 174 2826 0
88 13 131 2869 0
88 12 164 2836 0
88 12 149 2851 0
88 12 145 2855 0
88 10 174 2826 0
88 11 147 2853 0
88 10 153 2847 0
88 10 152 2848 0
88 12 157 2843 0
88 9 169 2831 0
89 10 121 2879 0
89 11 159 2841 0
89 9 125 2875 0
89 10 128 2872 0
89 10 122 2878 0
89 12 133 2867 0
89 11 126 2874 0
89 12 111 2889 0
89 11 145 2855 0
89 11 153 2847 0
90 12 108 2892 0
90 11 127 2873 0
90 10 102 2898 0
90 11 122 2878 0
90 9 127 2873 0
90 11 107 2893 0
90 10 134 2866 0
90 10 82 2918 0
90 11 130 2870 0
90 11 129 2871 0
91 11 93 2907 0
91 9 123 2877 0
91 9 127 2873 0
91 12 119 2881 0
91 10 108 2892 0
91 11 100 2900 0
91 11 114 2886 0
91 10 134 2866 0
91 10 122 2878 0
91 9 103 2897 0
92 11 85 2915 0
92 12 98 2902 0
92 10 98 2902 0
92 10 103 2897 0
92 10 91 2909 0
92 9 87 2913 0
92 10 88 2912 0
92 11 92 2908 0
92 11 74 2926 0
92 12 100 2900 0
93 10 80 2920 0
93 10 70 2930 0
93 12 77 2923 0
93 10 92 2908 0
93 10 78 2922 0
93 11 74 2926 0
93 10 71 2929 0
93 11 85 2915 0
93 10 80 2920 0
93 11 67 2933 0
94 9 80 2920 0
94 10 55 2945 0
94 11 59 2941 0
94 11 44 2956 0
94 10 54 2946 0
94 11 63 2937 0
94 10 57 2943 0
94 9 72 2928 0
94 11 64 2936 0
94 10 47 2953 0
95 11 62 2938 0
95 12 46 2954 0
95 9 55 2945 0
95 10 41 2959 0
95 13 57 2943 0
95 10 59 2941 0
95 10 63 2937 0
95 10 53 2947 0
95 10 66 2934 0
95 10 42 2958 0
96 10 39 2961 0
96 11 38 2962 0
96 10 30 2970 0
96 9 31 2969 0
96 10 39 2961 0
96 8 44 2956 0
96 9 44 2956 0
96 9 43 2957 0
96 10 33 2967 0
96 10 34 2966 0
97 9 37 2963 0
97 9 27 2973 0
97 12 20 2980 0
97 9 25 2975 0
97 10 22 2978 0
97 10 24 2976 0
97 10 22 2978 0
97 11 27 2973 0
97 9 22 2978 0
97 10 21 2979 0
98 9 9 2991 0
98 9 16 2984 0
98 8 10 2990 0
98 9 11 2989 0
98 10 8 2992 0
98 10 12 2988 0
98 10 10 2990 0
98 11 15 2985 0
98 10 14 2986 0
98 9 9 2991 0
99 10 0 3000 0
99 9 0 3000 0
99 10 0 3000 0
99 10 0 3000 0
99 10 0 3000 0
99 10 0 3000 0
99 10 0 3000 0
99 9 0 3000 0
99 11 0 3000 0
99 9 0 3000 0
