0 1 2997 1 2
0 1 2997 1 2
0 1 2997 1 2
0 1 2997 1 2
0 1 2997 1 2
0 1 2997 1 2
0 1 2997 1 2
0 1 2997 1 2
0 1 2997 1 2
0 1 2997 1 2
1 1 2997 1 2
1 1 2997 1 2
1 1 2997 1 2
1 1 2997 1 2
1 1 2997 1 2
1 1 2997 1 2
1 1 2997 1 2
1 1 2997 1 2
1 1 2997 1 2
1 1 2997 1 2
2 1 2997 1 2
2 1 2997 1 2
2 1 2997 1 2
2 1 2997 1 2
2 1 2997 1 2
2 2 2995 2 3
2 1 2997 1 2
2 1 2997 1 2
2 1 2997 1 2
2 1 2997 1 2
3 1 2997 1 2
3 1 2997 1 2
3 1 2997 1 2
3 1 2997 1 2
3 1 2997 1 2
3 1 2997 1 2
3 1 2997 1 2
3 1 2997 1 2
3 1 2997 1 2
3 1 2997 1 2
4 1 2997 1 2
4 1 2997 1 2
4 1 2997 1 2
4 1 2997 1 2
4 1 2997 1 2
4 1 2997 1 2
4 1 2997 1 2
4 1 2997 1 2
4 1 2997 1 2
4 1 2997 1 2
5 3 2983 3 14
5 1 2997 1 2
5 1 2997 1 2
5 1 2997 1 2
5 1 2997 1 2
5 3 2985 4 11
5 1 2997 1 2
5 1 2997 1 2
5 1 2997 1 2
5 1 2997 1 2
6 1 2997 1 2
6 1 2997 1 2
6 1 2997 1 2
6 1 2997 1 2
6 1 2997 1 2
6 1 2997 1 2
6 1 2997 1 2
6 1 2997 1 2
6 3 2984 4 12
6 1 2997 1 2
7 1 2997 1 2
7 1 2997 1 2
7 1 2997 1 2
7 1 2997 1 2
7 1 2997 1 2
7 3 2989 3 8
7 1 2997 1 2
7 1 2997 1 2
7 1 2997 1 2
7 1 2997 1 2
8 1 2997 1 2
8 1 2997 1 2
8 1 2997 1 2
8 1 2997 1 2
8 1 2997 1 2
8 2 2994 2 4
8 1 2997 1 2
8 1 2997 1 2
8 1 2997 1 2
8 1 2997 1 2
9 1 2997 1 2
9 1 2997 1 2
9 1 2997 1 2
9 2 2995 2 3
9 1 2997 1 2
9 2 2991 2 7
9 1 2997 1 2
9 1 2997 1 2
9 1 2997 1 2
9 1 2997 1 2
10 1 2997 1 2
10 1 2997 1 2
10 1 2997 1 2
10 7 2910 17 73
10 1 2997 1 2
10 1 2997 1 2
10 1 2997 1 2
10 1 2997 1 2
10 1 2997 1 2
10 1 2997 1 2
11 1 2997 1 2
11 1 2997 1 2
11 2 2992 2 6
11 1 2997 1 2
11 1 2997 1 2
11 1 2997 1 2
11 1 2997 1 2
11 1 2997 1 2
11 2 2996 2 2
11 1 2997 1 2
12 1 2997 1 2
12 1 2997 1 2
12 8 2789 28 183
12 1 2997 1 2
12 1 2997 1 2
12 1 2997 1 2
12 2 2996 2 2
12 1 2997 1 2
12 2 2996 2 2
12 1 2997 1 2
13 1 2997 1 2
13 2 2997 2 1
13 1 2997 1 2
13 1 2997 1 2
13 1 2997 1 2
13 1 2997 1 2
13 6 2895 15 90
13 1 2997 1 2
13 6 2823 20 157
13 1 2997 1 2
14 1 2997 1 2
14 3 2983 3 14
14 3 2989 3 8
14 4 2966 8 26
14 4 2981 6 13
14 5 2957 8 35
14 1 2997 1 2
14 1 2997 1 2
14 6 2836 25 139
14 1 2997 1 2
15 1 2997 1 2
15 1 2997 1 2
15 1 2997 1 2
15 1 2997 1 2
15 1 2997 1 2
15 1 2997 1 2
15 1 2997 1 2
15 1 2997 1 2
15 1 2997 1 2
15 1 2997 1 2
16 1 2997 1 2
16 9 2876 22 102
16 1 2997 1 2
16 1 2997 1 2
16 1 2997 1 2
16 3 2976 3 21
16 1 2997 1 2
16 3 2983 5 12
16 1 2997 1 2
16 8 2786 28 186
17 2 2976 2 22
17 6 2909 16 75
17 1 2997 1 2
17 1 2997 1 2
17 1 2997 1 2
17 2 2995 2 3
17 1 2997 1 2
17 1 2997 1 2
17 1 2997 1 2
17 1 2997 1 2
18 1 2997 1 2
18 1 2997 1 2
18 2 2996 2 2
18 1 2997 1 2
18 1 2997 1 2
18 1 2997 1 2
18 4 2988 4 8
18 1 2997 1 2
18 6 2970 7 23
18 1 2997 1 2
19 2 2994 2 4
19 4 2978 6 16
19 1 2997 1 2
19 1 2997 1 2
19 1 2997 1 2
19 1 2997 1 2
19 5 2974 8 18
19 2 2995 2 3
19 2 2995 2 3
19 1 2997 1 2
20 4 2990 5 5
20 3 2992 3 5
20 13 2658 72 270
20 1 2997 1 2
20 7 2925 13 62
20 2 2994 2 4
20 2 2997 2 1
20 1 2997 1 2
20 1 2997 1 2
20 1 2997 1 2
21 1 2997 1 2
21 1 2997 1 2
21 1 2997 1 2
21 1 2997 1 2
21 1 2997 1 2
21 1 2997 1 2
21 3 2985 3 12
21 1 2997 1 2
21 1 2997 1 2
21 1 2997 1 2
22 1 2997 1 2
22 5 2972 9 19
22 12 2376 146 478
22 6 2901 18 81
22 2 2995 2 3
22 5 2961 10 29
22 10 2606 85 309
22 2 2994 2 4
22 3 2995 3 2
22 1 2997 1 2
23 1 2997 1 2
23 1 2997 1 2
23 1 2997 1 2
23 17 2524 99 377
23 1 2997 1 2
23 1 2997 1 2
23 1 2997 1 2
23 1 2997 1 2
23 7 2896 22 82
23 2 2996 2 2
24 1 2997 1 2
24 1 2997 1 2
24 1 2997 1 2
24 2 2994 2 4
24 11 2378 132 490
24 1 2997 1 2
24 1 2997 1 2
24 1 2997 1 2
24 1 2997 1 2
24 1 2997 1 2
25 13 2539 118 343
25 1 2997 1 2
25 13 1874 282 844
25 23 2110 240 650
25 1 2997 1 2
25 1 2997 1 2
25 1 2997 1 2
25 1 2997 1 2
25 2 2996 2 2
25 20 2609 111 280
26 13 2176 234 590
26 8 2885 24 91
26 3 2987 3 10
26 1 2997 1 2
26 1 2997 1 2
26 1 2997 1 2
26 2 2996 2 2
26 2 2997 2 1
26 16 2146 246 608
26 12 2029 258 713
27 18 2372 178 450
27 4 2978 6 16
27 9 2933 18 49
27 1 2997 1 2
27 1 2997 1 2
27 1 2997 1 2
27 13 2409 166 425
27 3 2995 3 2
27 16 1868 313 819
27 14 2113 269 618
28 1 2997 1 2
28 1 2997 1 2
28 1 2997 1 2
28 8 2962 12 26
28 1 2997 1 2
28 1 2997 1 2
28 4 2982 7 11
28 1 2997 1 2
28 2 2996 2 2
28 16 2533 140 327
29 16 2334 193 473
29 1 2997 1 2
29 15 2267 217 516
29 1 2997 1 2
29 2 2996 2 2
29 2 2997 2 1
29 14 2069 270 661
29 1 2997 1 2
29 1 2997 1 2
29 1 2997 1 2
30 1 2997 1 2
30 2 2995 2 3
30 29 2028 314 658
30 1 2997 1 2
30 1 2997 1 2
30 1 2997 1 2
30 4 2988 6 6
30 15 1896 381 723
30 11 1980 309 711
30 1 2997 1 2
31 1 2997 1 2
31 19 2229 253 518
31 1 2997 1 2
31 1 2997 1 2
31 10 1768 392 840
31 2 2995 2 3
31 14 2046 287 667
31 12 2303 216 481
31 1 2997 1 2
31 14 2310 220 470
32 1 2997 1 2
32 3 2988 5 7
32 1 2997 1 2
32 13 1807 396 797
32 1 2997 1 2
32 16 2092 293 615
32 12 1767 433 800
32 1 2997 1 2
32 3 2993 3 4
32 20 2105 291 604
33 1 2997 1 2
33 17 1860 379 761
33 24 2027 321 652
33 2 2993 2 5
33 1 2997 1 2
33 17 2176 269 555
33 1 2997 1 2
33 3 2982 5 13
33 3 2982 6 12
33 1 2997 1 2
34 1 2997 1 2
34 15 1749 426 825
34 13 1914 384 702
34 12 1964 348 688
34 3 2979 5 16
34 1 2997 1 2
34 15 1916 378 706
34 19 1774 448 778
34 1 2997 1 2
34 1 2997 1 2
35 1 2997 1 2
35 2 2995 2 3
35 1 2997 1 2
35 20 1716 470 814
35 1 2997 1 2
35 2 2997 2 1
35 1 2997 1 2
35 2 2994 3 3
35 2 2995 2 3
35 2 2997 2 1
36 13 1900 401 699
36 1 2997 1 2
36 1 2997 1 2
36 20 1825 417 758
36 13 1601 528 871
36 13 1705 478 817
36 2 2995 2 3
36 1 2997 1 2
36 3 2984 3 13
36 4 2990 6 4
37 14 1627 516 857
37 2 2995 2 3
37 1 2997 1 2
37 15 1695 517 788
37 20 1815 467 718
37 1 2997 1 2
37 1 2997 1 2
37 2 2996 2 2
37 1 2997 1 2
37 18 1805 461 734
38 18 1809 473 718
38 3 2992 4 4
38 1 2997 1 2
38 1 2997 1 2
38 2 2995 2 3
38 7 2976 10 14
38 1 2997 1 2
38 18 1600 570 830
38 15 1268 693 1039
38 14 1520 592 888
39 1 2997 1 2
39 15 1714 512 774
39 1 2997 1 2
39 3 2993 3 4
39 2 2995 2 3
39 3 2994 3 3
39 21 1640 547 813
39 3 2991 3 6
39 16 1696 504 800
39 1 2997 1 2
40 1 2997 1 2
40 1 2997 1 2
40 14 1915 449 636
40 2 2997 2 1
40 3 2992 3 5
40 1 2997 1 2
40 1 2997 1 2
40 15 1524 633 843
40 23 2371 244 385
40 1 2997 1 2
41 12 1575 598 827
41 17 1656 544 800
41 4 2992 4 4
41 15 1407 688 905
41 14 1409 653 938
41 13 1642 583 775
41 16 1445 659 896
41 2 2997 2 1
41 19 1724 536 740
41 23 1701 526 773
42 1 2997 1 2
42 13 1499 603 898
42 13 1556 620 824
42 21 1565 647 788
42 12 1358 718 924
42 15 1627 589 784
42 16 1641 601 758
42 14 1399 709 892
42 13 1581 620 799
42 13 1509 653 838
43 14 1297 755 948
43 15 1457 684 859
43 15 1320 706 974
43 13 1521 616 863
43 1 2997 1 2
43 2 2996 2 2
43 1 2997 1 2
43 11 1215 827 958
43 2 2994 2 4
43 16 1270 774 956
44 24 1456 696 848
44 17 1444 692 864
44 16 1494 647 859
44 14 1296 804 900
44 12 1469 643 888
44 1 2997 1 2
44 1 2997 1 2
44 14 1317 765 918
44 14 1408 714 878
44 20 1289 788 923
45 15 1200 844 956
45 4 2985 6 9
45 14 1441 738 821
45 16 1355 742 903
45 1 2997 1 2
45 2 2996 2 2
45 1 2997 1 2
45 1 2997 1 2
45 1 2997 1 2
45 1 2997 1 2
46 4 2991 4 5
46 13 1325 785 890
46 1 2997 1 2
46 17 1528 705 767
46 15 1135 871 994
46 16 1384 754 862
46 1 2997 1 2
46 14 1534 676 790
46 20 1440 741 819
46 16 1536 697 767
47 1 2997 1 2
47 1 2997 1 2
47 1 2997 1 2
47 15 1156 879 965
47 13 1177 904 919
47 13 1243 889 868
47 14 1217 815 968
47 13 1338 798 864
47 1 2997 1 2
47 14 1155 937 908
48 13 1078 975 947
48 3 2993 3 4
48 1 2997 1 2
48 13 1195 894 911
48 14 1374 777 849
48 14 1335 819 846
48 15 1302 852 846
48 19 1436 734 830
48 13 959 1050 991
48 18 1170 902 928
49 1 2997 1 2
49 1 2997 1 2
49 17 1119 940 941
49 1 2997 1 2
49 1 2997 1 2
49 14 1202 901 897
49 1 2997 1 2
49 13 1081 927 992
49 18 1251 854 895
49 1 2997 1 2
50 16 1182 937 881
50 18 1288 890 822
50 2 2996 2 2
50 17 1223 881 896
50 12 1105 929 966
50 15 1094 972 934
50 13 1438 748 814
50 13 1232 891 877
50 15 1155 934 911
50 16 1060 985 955
51 16 1078 996 926
51 16 1114 982 904
51 17 1160 944 896
51 19 1205 926 869
51 1 2997 1 2
51 18 967 1078 955
51 1 2997 1 2
51 16 1233 884 883
51 13 1224 933 843
51 16 1109 1010 881
52 13 817 1153 1030
52 16 999 1097 904
52 1 2997 1 2
52 3 2994 4 2
52 1 2997 1 2
52 16 1322 874 804
52 2 2996 2 2
52 1 2997 1 2
52 2 2996 2 2
52 16 1144 994 862
53 17 1122 998 880
53 14 1030 1093 877
53 12 940 1109 951
53 19 1041 1068 891
53 4 2988 5 7
53 15 962 1090 948
53 14 1083 1011 906
53 12 1010 1052 938
53 12 941 1109 950
53 1 2997 1 2
54 11 2960 18 22
54 12 992 1117 891
54 1 2997 1 2
54 15 939 1140 921
54 1 2997 1 2
54 12 969 1103 928
54 17 944 1132 924
54 13 1058 1051 891
54 12 894 1179 927
54 14 1052 1068 880
55 2 2997 2 1
55 1 2997 1 2
55 2 2996 2 2
55 4 2991 4 5
55 13 974 1140 886
55 14 895 1164 941
55 1 2997 1 2
55 14 1066 1084 850
55 12 951 1136 913
55 14 903 1176 921
56 14 905 1179 916
56 1 2997 1 2
56 11 931 1181 888
56 16 1043 1100 857
56 1 2997 1 2
56 1 2997 1 2
56 13 832 1258 910
56 15 819 1257 924
56 1 2997 1 2
56 15 851 1230 919
57 15 907 1179 914
57 12 853 1220 927
57 1 2997 1 2
57 1 2997 1 2
57 14 1054 1103 843
57 13 770 1286 944
57 14 908 1249 843
57 16 784 1312 904
57 15 956 1210 834
57 13 907 1221 872
58 12 747 1355 898
58 14 829 1267 904
58 14 787 1312 901
58 12 818 1248 934
58 16 898 1246 856
58 15 1061 1145 794
58 16 784 1285 931
58 13 882 1248 870
58 14 905 1223 872
58 13 819 1322 859
59 11 820 1332 848
59 15 781 1336 883
59 12 890 1275 835
59 14 900 1270 830
59 1 2997 1 2
59 15 803 1344 853
59 12 830 1310 860
59 15 887 1194 919
59 12 666 1360 974
59 14 821 1311 868
60 12 678 1411 911
60 13 688 1432 880
60 1 2997 1 2
60 12 727 1375 898
60 12 717 1406 877
60 13 779 1372 849
60 12 707 1417 876
60 17 907 1284 809
60 11 612 1488 900
60 11 897 1261 842
61 12 788 1344 868
61 15 721 1408 871
61 13 791 1361 848
61 14 814 1360 826
61 14 759 1389 852
61 2 2996 2 2
61 1 2997 1 2
61 15 742 1410 848
61 18 741 1442 817
61 14 904 1276 820
62 11 514 1589 897
62 13 685 1460 855
62 1 2997 1 2
62 13 917 1316 767
62 13 798 1375 827
62 12 706 1442 852
62 16 745 1397 858
62 13 776 1425 799
62 12 726 1442 832
62 15 901 1339 760
63 12 760 1459 781
63 11 715 1451 834
63 14 689 1497 814
63 15 623 1542 835
63 12 746 1439 815
63 12 630 1512 858
63 12 670 1474 856
63 10 609 1553 838
63 15 657 1466 877
63 1 2997 1 2
64 13 592 1547 861
64 1 2997 1 2
64 13 574 1581 845
64 15 569 1631 800
64 15 647 1541 812
64 12 618 1582 800
64 16 705 1465 830
64 13 685 1521 794
64 12 636 1556 808
64 12 664 1485 851
65 11 543 1620 837
65 12 565 1614 821
65 15 534 1666 800
65 1 2997 1 2
65 17 747 1484 769
65 12 639 1549 812
65 12 696 1518 786
65 11 600 1600 800
65 14 629 1563 808
65 13 625 1578 797
66 13 531 1690 779
66 11 505 1688 807
66 10 541 1640 819
66 4 2993 4 3
66 1 2997 1 2
66 13 609 1634 757
66 1 2997 1 2
66 12 635 1549 816
66 13 586 1589 825
66 11 484 1704 812
67 1 2997 1 2
67 15 534 1700 766
67 13 526 1685 789
67 17 497 1705 798
67 11 507 1703 790
67 15 557 1671 772
67 12 551 1692 757
67 11 519 1688 793
67 13 560 1687 753
67 12 548 1662 790
68 2 2996 2 2
68 12 557 1676 767
68 12 402 1855 743
68 14 523 1713 764
68 14 582 1656 762
68 13 548 1700 752
68 14 775 1494 731
68 14 648 1623 729
68 12 583 1652 765
68 14 595 1655 750
69 13 593 1654 753
69 13 494 1780 726
69 11 502 1735 763
69 11 474 1783 743
69 12 602 1659 739
69 12 454 1782 764
69 14 591 1677 732
69 13 507 1700 793
69 11 525 1747 728
69 11 457 1797 746
70 13 539 1777 684
70 12 563 1760 677
70 13 500 1786 714
70 12 491 1795 714
70 11 530 1773 697
70 14 496 1781 723
70 11 648 1629 723
70 15 420 1832 748
70 13 588 1696 716
70 2 2996 2 2
71 2 2997 2 1
71 12 494 1819 687
71 14 541 1776 683
71 4 2986 8 6
71 14 478 1819 703
71 1 2997 1 2
71 13 547 1757 696
71 12 362 1932 706
71 12 518 1785 697
71 13 555 1752 693
72 12 504 1811 685
72 13 409 1904 687
72 13 601 1755 644
72 12 620 1724 656
72 12 495 1820 685
72 12 357 1960 683
72 13 538 1760 702
72 11 418 1866 716
72 14 547 1773 680
72 1 2997 1 2
73 13 365 1971 664
73 14 418 1946 636
73 11 492 1830 678
73 12 437 1895 668
73 11 410 1915 675
73 10 349 1988 663
73 12 440 1900 660
73 1 2997 1 2
73 1 2997 1 2
73 12 584 1768 648
74 12 521 1838 641
74 12 420 1943 637
74 14 432 1925 643
74 11 378 1936 686
74 11 398 1926 676
74 12 389 1975 636
74 1 2997 1 2
74 13 418 1948 634
74 12 455 1882 663
74 12 379 1958 663
75 14 327 2073 600
75 11 360 2053 587
75 13 492 1858 650
75 12 459 1905 636
75 12 351 2054 595
75 11 363 1991 646
75 12 392 1994 614
75 12 487 1908 605
75 16 406 1957 637
75 11 361 2046 593
76 14 403 2012 585
76 11 307 2117 576
76 11 428 1963 609
76 13 321 2075 604
76 10 336 2037 627
76 12 424 1994 582
76 11 348 2058 594
76 11 309 2068 623
76 13 299 2104 597
76 11 420 1982 598
77 11 312 2108 580
77 10 290 2126 584
77 13 374 2022 604
77 10 294 2146 560
77 12 318 2081 601
77 11 371 2038 591
77 12 365 2041 594
77 12 395 2049 556
77 12 378 2076 546
77 11 358 2048 594
78 12 329 2118 553
78 10 273 2166 561
78 11 325 2104 571
78 15 321 2129 550
78 12 325 2101 574
78 11 231 2217 552
78 10 268 2170 562
78 12 335 2090 575
78 11 284 2142 574
78 11 357 2096 547
79 12 255 2255 490
79 12 323 2164 513
79 12 352 2104 544
79 13 346 2130 524
79 12 383 2069 548
79 13 285 2201 514
79 13 359 2111 530
79 10 275 2196 529
79 10 297 2157 546
79 10 288 2178 534
80 11 319 2163 518
80 12 284 2232 484
80 13 261 2218 521
80 15 330 2159 511
80 10 306 2205 489
80 13 308 2147 545
80 10 323 2156 521
80 12 288 2194 518
80 13 256 2224 520
80 1 2997 1 2
81 12 307 2201 492
81 10 340 2181 479
81 11 338 2151 511
81 1 2997 1 2
81 11 332 2188 480
81 11 317 2203 480
81 13 231 2280 489
81 11 242 2289 469
81 9 208 2299 493
81 11 218 2310 472
82 1 2997 1 2
82 10 282 2214 504
82 11 238 2291 471
82 11 227 2283 490
82 11 255 2252 493
82 12 280 2270 450
82 12 302 2220 478
82 12 225 2296 479
82 12 231 2290 479
82 10 251 2292 457
83 11 245 2323 432
83 11 307 2227 466
83 11 203 2371 426
83 12 236 2323 441
83 11 141 2426 433
83 12 198 2356 446
83 12 212 2363 425
83 11 217 2325 458
83 11 211 2319 470
83 12 281 2305 414
84 13 254 2325 421
84 11 221 2324 455
84 11 241 2334 425
84 2 2997 2 1
84 12 271 2330 399
84 11 210 2385 405
84 14 322 2252 426
84 11 268 2335 397
84 13 257 2328 415
84 11 219 2383 398
85 12 169 2440 391
85 15 239 2356 405
85 10 152 2459 389
85 10 163 2462 375
85 12 184 2424 392
85 12 178 2430 392
85 10 188 2398 414
85 11 163 2445 392
85 10 201 2413 386
85 10 171 2463 366
86 10 210 2403 387
86 10 172 2498 330
86 11 156 2479 365
86 11 194 2442 364
86 11 181 2487 332
86 11 224 2426 350
86 11 232 2387 381
86 11 171 2463 366
86 10 216 2436 348
86 12 156 2459 385
87 11 187 2465 348
87 3 2995 4 1
87 11 175 2511 314
87 12 166 2508 326
87 10 191 2449 360
87 12 182 2452 366
87 11 144 2522 334
87 11 145 2526 329
87 11 168 2504 328
87 10 169 2515 316
88 11 106 2590 304
88 11 138 2536 326
88 10 183 2503 314
88 10 113 2596 291
88 9 128 2563 309
88 11 191 2489 320
88 10 109 2565 326
88 11 147 2538 315
88 10 160 2540 300
88 11 157 2531 312
89 10 160 2561 279
89 9 99 2609 292
89 12 149 2592 259
89 9 142 2561 297
89 10 91 2627 282
89 13 145 2568 287
89 12 143 2583 274
89 11 127 2576 297
89 12 140 2590 270
89 10 110 2607 283
90 11 177 2546 277
90 9 160 2616 224
90 11 115 2647 238
90 10 100 2663 237
90 10 162 2601 237
90 10 107 2630 263
90 11 187 2519 294
90 11 100 2650 250
90 11 128 2586 286
90 11 112 2656 232
91 12 97 2659 244
91 9 125 2639 236
91 13 113 2657 230
91 13 114 2651 235
91 10 109 2656 235
91 9 116 2632 252
91 9 97 2666 237
91 11 110 2652 238
91 9 102 2670 228
91 11 85 2700 215
92 12 69 2749 182
92 10 93 2693 214
92 10 110 2674 216
92 10 87 2695 218
92 11 139 2663 198
92 9 75 2707 218
92 10 173 2616 211
92 11 70 2727 203
92 10 79 2730 191
92 10 77 2706 217
93 12 62 2777 161
93 9 65 2763 172
93 11 64 2780 156
93 11 97 2714 189
93 11 71 2763 166
93 9 59 2759 182
93 11 55 2791 154
93 9 71 2761 168
93 10 91 2736 173
93 10 91 2746 163
94 11 39 2825 136
94 9 54 2805 141
94 10 67 2810 123
94 10 64 2803 133
94 10 53 2803 144
94 10 51 2813 136
94 9 84 2777 139
94 9 41 2816 143
94 11 62 2780 158
94 12 54 2801 145
95 10 83 2779 138
95 11 59 2825 116
95 9 60 2813 127
95 10 59 2811 130
95 9 35 2859 106
95 11 66 2805 129
95 10 42 2849 109
95 11 29 2860 111
95 11 43 2848 109
95 11 52 2832 116
96 9 27 2894 79
96 10 38 2879 83
96 10 43 2882 75
96 11 30 2890 80
96 10 27 2888 85
96 10 48 2866 86
96 10 29 2897 74
96 11 18 2907 75
96 9 44 2873 83
96 10 40 2881 79
97 9 24 2910 66
97 8 33 2917 50
97 11 24 2922 54
97 8 44 2892 64
97 9 18 2928 54
97 9 36 2906 58
97 9 16 2926 58
97 9 28 2914 58
97 10 24 2920 56
97 11 59 2876 65
98 9 17 2944 39
98 9 31 2936 33
98 9 7 2974 19
98 11 18 2955 27
98 10 14 2961 25
98 12 15 2958 27
98 10 22 2934 44
98 9 14 2958 28
98 9 19 2946 35
98 9 25 2939 36
99 9 0 3000 0
99 10 0 3000 0
99 10 0 3000 0
99 10 0 3000 0
99 10 0 3000 0
99 10 0 3000 0
99 9 0 3000 0
99 9 0 3000 0
99 10 0 3000 0
99 10 0 3000 0
