0 1.00 2997.00 1.00 2.00
1 1.00 2997.00 1.00 2.00
2 1.10 2996.80 1.10 2.10
3 1.00 2997.00 1.00 2.00
4 1.00 2997.00 1.00 2.00
5 1.40 2994.40 1.50 4.10
6 1.20 2995.70 1.30 3.00
7 1.20 2996.20 1.20 2.60
8 1.10 2996.70 1.10 2.20
9 1.20 2996.20 1.20 2.60
10 1.60 2988.30 2.60 9.10
11 1.20 2996.40 1.20 2.40
12 1.90 2976.00 3.90 20.10
13 2.10 2969.40 4.40 26.20
14 2.90 2970.00 5.70 24.30
15 1.00 2997.00 1.00 2.00
16 2.90 2960.30 6.40 33.30
17 1.70 2985.90 2.70 11.40
18 1.90 2993.30 2.00 4.70
19 2.00 2992.10 2.50 5.40
20 3.50 2954.40 10.10 35.50
21 1.20 2995.80 1.20 3.00
22 4.70 2879.40 27.70 92.90
23 3.30 2939.50 13.00 47.50
24 2.10 2934.80 14.20 51.00
25 7.60 2711.30 75.80 212.90
26 5.90 2720.70 77.20 202.10
27 8.00 2665.90 95.60 238.50
28 3.60 2945.50 16.70 37.80
29 5.40 2764.80 68.90 166.30
30 6.60 2687.20 101.70 211.10
31 7.50 2563.90 137.40 298.70
32 7.10 2574.00 142.50 283.50
33 7.00 2700.80 98.60 200.60
34 8.10 2428.40 199.30 372.30
35 3.40 2868.20 48.50 83.30
36 7.10 2499.10 183.80 317.10
37 7.50 2492.10 196.90 311.00
38 8.00 2415.10 234.70 350.20
39 6.60 2601.40 157.70 240.90
40 6.20 2678.40 133.60 188.00
41 13.50 1854.80 479.30 665.90
42 13.10 1673.20 576.10 750.70
43 9.00 2006.40 436.80 556.80
44 13.30 1716.70 575.10 708.20
45 5.60 2496.20 233.70 270.10
46 11.70 1886.70 523.50 589.80
47 8.60 1927.40 522.60 550.00
48 12.30 1583.90 700.70 715.40
49 6.80 2263.50 362.80 373.70
50 13.70 1377.30 816.90 805.80
51 13.30 1508.40 775.50 716.10
52 7.10 2225.90 412.90 361.20
53 12.00 1411.40 853.60 735.00
54 10.80 1580.20 781.00 638.80
55 7.70 1976.70 571.00 452.30
56 8.80 1736.90 720.90 542.20
57 11.40 1313.30 978.20 708.50
58 13.90 853.00 1265.10 881.90
59 12.10 1039.50 1173.30 787.20
60 11.40 970.90 1244.70 784.40
61 11.80 1225.30 1099.30 675.40
62 11.90 976.50 1278.60 744.90
63 11.40 909.60 1339.40 751.00
64 12.20 868.70 1391.00 740.30
65 11.80 857.50 1419.30 723.20
66 8.90 1287.80 1150.00 562.20
67 12.00 779.60 1519.40 701.00
68 12.10 820.90 1502.60 676.50
69 12.10 519.90 1731.40 748.70
70 11.60 777.10 1583.10 639.80
71 9.70 1247.50 1265.10 487.40
72 11.30 748.60 1637.40 614.00
73 9.70 948.90 1521.50 529.60
74 11.00 678.70 1733.20 588.10
75 12.40 399.80 1983.90 616.30
76 11.70 359.50 2041.00 599.50
77 11.40 345.50 2073.50 581.00
78 11.50 304.80 2133.30 561.90
79 11.70 316.30 2156.50 527.20
80 11.00 567.20 1969.90 462.90
81 10.00 553.00 2010.30 436.70
82 10.20 528.80 2040.90 430.30
83 11.40 225.10 2333.80 441.10
84 10.90 526.00 2099.80 374.20
85 11.20 180.80 2429.00 390.20
86 10.80 191.20 2448.00 360.80
87 10.20 452.20 2245.60 302.20
88 10.40 143.20 2545.10 311.70
89 10.80 130.60 2587.40 282.00
90 10.50 134.80 2611.40 253.80
91 10.60 106.80 2658.20 235.00
92 10.30 97.20 2696.00 206.80
93 10.30 72.60 2759.00 168.40
94 10.10 56.90 2803.30 139.80
95 10.30 52.80 2828.10 119.10
96 10.00 34.40 2885.70 79.90
97 9.30 30.60 2911.10 58.30
98 9.70 18.20 2950.50 31.30
99 9.70 0.00 3000.00 0.00
