0 1 2965 1 34
0 1 2990 1 9
0 1 2948 1 51
0 1 2925 1 74
0 1 2892 1 107
0 1 2841 1 158
0 1 2991 1 8
0 1 2987 1 12
0 1 2991 1 8
0 1 2973 1 26
1 1 2991 1 8
1 1 2988 1 11
1 1 2989 1 10
1 1 2993 1 6
1 1 2990 1 9
1 1 2989 1 10
1 1 2903 1 96
1 1 2992 1 7
1 1 2985 1 14
1 1 2978 1 21
2 1 2971 1 28
2 1 2981 1 18
2 1 2965 1 34
2 1 2982 1 17
2 1 2894 1 105
2 2 2938 2 60
2 1 2982 1 17
2 1 2945 1 54
2 1 2992 1 7
2 1 2955 1 44
3 1 2965 1 34
3 1 2947 1 52
3 1 2964 1 35
3 1 2990 1 9
3 1 2963 1 36
3 1 2949 1 50
3 1 2993 1 6
3 1 2956 1 43
3 1 2916 1 83
3 1 2948 1 51
4 1 2898 1 101
4 1 2947 1 52
4 1 2990 1 9
4 1 2945 1 54
4 1 2983 1 16
4 1 2925 1 74
4 1 2984 1 15
4 1 2983 1 16
4 1 2988 1 11
4 1 2867 1 132
5 3 2901 3 96
5 1 2988 1 11
5 1 2974 1 25
5 1 2984 1 15
5 1 2992 1 7
5 3 2912 4 84
5 1 2965 1 34
5 1 2974 1 25
5 1 2995 1 4
5 1 2977 1 22
6 1 2990 1 9
6 1 2991 1 8
6 1 2993 1 6
6 1 2993 1 6
6 1 2910 1 89
6 1 2982 1 17
6 1 2947 1 52
6 1 2967 1 32
6 3 2918 4 78
6 1 2985 1 14
7 1 2987 1 12
7 1 2920 1 79
7 1 2993 1 6
7 1 2989 1 10
7 1 2991 1 8
7 3 2938 3 59
7 1 2990 1 9
7 1 2988 1 11
7 1 2994 1 5
7 1 2977 1 22
8 1 2965 1 34
8 1 2986 1 13
8 1 2991 1 8
8 1 2993 1 6
8 1 2988 1 11
8 2 2984 2 14
8 1 2990 1 9
8 1 2979 1 20
8 1 2991 1 8
8 1 2900 1 99
9 1 2956 1 43
9 1 2975 1 24
9 1 2989 1 10
9 2 2980 2 18
9 1 2984 1 15
9 2 2978 2 20
9 1 2861 1 138
9 1 2921 1 78
9 1 2936 1 63
9 1 2983 1 16
10 1 2991 1 8
10 1 2918 1 81
10 1 2947 1 52
10 3 2551 5 444
10 1 2990 1 9
10 1 2965 1 34
10 1 2985 1 14
10 1 2989 1 10
10 1 2991 1 8
10 1 2987 1 12
11 1 2947 1 52
11 1 2973 1 26
11 1 2965 1 34
11 1 2936 1 63
11 1 2988 1 11
11 1 2965 1 34
11 1 2982 1 17
11 1 2925 1 74
11 5 2663 9 328
11 1 2980 1 19
12 1 2990 1 9
12 2 2989 2 9
12 1 2991 1 8
12 1 2898 1 101
12 1 2991 1 8
12 1 2950 1 49
12 1 2990 1 9
12 1 2987 1 12
12 1 2993 1 6
12 1 2983 1 16
13 1 2978 1 21
13 1 2987 1 12
13 1 2976 1 23
13 1 2983 1 16
13 1 2955 1 44
13 1 2984 1 15
13 1 2898 1 101
13 3 2862 5 133
13 1 2933 1 66
13 3 2808 6 186
14 3 2934 5 61
14 1 2989 1 10
14 2 2884 2 114
14 1 2985 1 14
14 1 2983 1 16
14 2 2919 2 79
14 1 2979 1 20
14 1 2898 1 101
14 1 2990 1 9
14 1 2921 1 78
15 1 2989 1 10
15 1 2984 1 15
15 1 2974 1 25
15 1 2966 1 33
15 1 2979 1 20
15 1 2975 1 24
15 2 2990 2 8
15 1 2989 1 10
15 1 2892 1 107
15 1 2898 1 101
16 5 2242 21 737
16 1 2975 1 24
16 1 2983 1 16
16 1 2989 1 10
16 5 2266 19 715
16 3 2812 6 182
16 1 2990 1 9
16 1 2994 1 5
16 2 2964 2 34
16 1 2988 1 11
17 2 2970 2 28
17 1 2971 1 28
17 1 2994 1 5
17 2 2988 2 10
17 1 2972 1 27
17 1 2977 1 22
17 2 2943 2 55
17 1 2975 1 24
17 1 2978 1 21
17 1 2988 1 11
18 2 2978 2 20
18 1 2991 1 8
18 1 2984 1 15
18 3 2880 3 117
18 1 2965 1 34
18 1 2993 1 6
18 4 2945 4 51
18 1 2918 1 81
18 1 2965 1 34
18 2 2922 2 76
19 1 2974 1 25
19 1 2890 1 109
19 2 2986 2 12
19 1 2988 1 11
19 1 2988 1 11
19 2 2986 2 12
19 1 2989 1 10
19 4 2939 5 56
19 1 2950 1 49
19 1 2993 1 6
20 1 2973 1 26
20 2 2881 2 117
20 2 2977 2 21
20 1 2903 1 96
20 1 2910 1 89
20 7 2215 24 761
20 2 2965 2 33
20 1 2964 1 35
20 2 2838 2 160
20 3 2826 6 168
21 3 2915 4 81
21 4 1969 32 999
21 1 2968 1 31
21 1 2991 1 8
21 1 2984 1 15
21 2 2974 2 24
21 1 2990 1 9
21 1 2994 1 5
21 1 2986 1 13
21 1 2991 1 8
22 4 2914 7 79
22 4 2305 21 674
22 1 2945 1 54
22 1 2962 1 37
22 1 2974 1 25
22 5 1779 34 1187
22 1 2947 1 52
22 2 2947 2 51
22 1 2989 1 10
22 1 2954 1 45
23 1 2993 1 6
23 1 2962 1 37
23 6 2084 22 894
23 1 2980 1 19
23 1 2987 1 12
23 1 2974 1 25
23 2 2963 2 35
23 1 2972 1 27
23 1 2990 1 9
23 1 2949 1 50
24 1 2978 1 21
24 1 2993 1 6
24 1 2963 1 36
24 1 2976 1 23
24 1 2935 1 64
24 2 2978 2 20
24 1 2900 1 99
24 3 2918 3 79
24 1 2993 1 6
24 1 2993 1 6
25 1 2973 1 26
25 3 2666 6 328
25 1 2965 1 34
25 1 2989 1 10
25 1 2936 1 63
25 3 2890 5 105
25 1 2892 1 107
25 1 2973 1 26
25 3 2515 16 469
25 1 2994 1 5
26 1 2977 1 22
26 1 2986 1 13
26 4 2276 26 698
26 1 2892 1 107
26 6 1754 47 1199
26 3 2968 3 29
26 1 2984 1 15
26 1 2991 1 8
26 1 2978 1 21
26 2 2993 2 5
27 1 2975 1 24
27 1 2978 1 21
27 1 2986 1 13
27 1 2992 1 7
27 1 2983 1 16
27 1 2967 1 32
27 1 2927 1 72
27 1 2975 1 24
27 1 2987 1 12
27 5 2381 21 598
28 1 2898 1 101
28 1 2982 1 17
28 3 2846 5 149
28 1 2986 1 13
28 1 2992 1 7
28 5 2305 32 663
28 1 2995 1 4
28 1 2981 1 18
28 1 2969 1 30
28 9 2302 36 662
29 1 2977 1 22
29 1 2984 1 15
29 3 2796 4 200
29 1 2921 1 78
29 8 2439 16 545
29 6 2275 29 696
29 1 2962 1 37
29 1 2980 1 19
29 1 2987 1 12
29 1 2982 1 17
30 1 2956 1 43
30 4 2503 21 476
30 8 1487 65 1448
30 1 2915 1 84
30 1 2994 1 5
30 1 2992 1 7
30 2 2889 2 109
30 4 2911 6 83
30 1 2985 1 14
30 1 2990 1 9
31 6 2183 33 784
31 1 2973 1 26
31 4 2896 6 98
31 2 2969 2 29
31 3 2994 3 3
31 3 2897 3 100
31 4 2813 7 180
31 1 2990 1 9
31 5 2058 46 896
31 1 2989 1 10
32 1 2988 1 11
32 1 2989 1 10
32 5 2455 30 515
32 1 2987 1 12
32 7 2097 48 855
32 1 2993 1 6
32 5 2164 36 800
32 1 2898 1 101
32 1 2977 1 22
32 1 2984 1 15
33 1 2995 1 4
33 7 1662 82 1256
33 1 2993 1 6
33 5 2554 20 426
33 1 2978 1 21
33 1 2994 1 5
33 9 1576 71 1353
33 1 2993 1 6
33 1 2971 1 28
33 5 2175 33 792
34 1 2974 1 25
34 1 2974 1 25
34 4 2477 24 499
34 2 2982 2 16
34 8 2388 21 591
34 2 2983 2 15
34 1 2978 1 21
34 7 1733 72 1195
34 1 2948 1 51
34 7 1959 49 992
35 1 2991 1 8
35 1 2994 1 5
35 1 2959 1 40
35 2 2989 2 9
35 7 2323 27 650
35 8 1673 89 1238
35 2 2988 2 10
35 1 2989 1 10
35 2 2965 3 32
35 1 2949 1 50
36 8 1506 98 1396
36 7 2768 23 209
36 7 1954 39 1007
36 2 2970 2 28
36 1 2988 1 11
36 8 2077 41 882
36 3 2980 3 17
36 1 2841 1 158
36 4 2722 7 271
36 1 2991 1 8
37 5 1772 66 1162
37 6 2132 43 825
37 2 2965 2 33
37 2 2980 2 18
37 3 2962 3 35
37 2 2961 2 37
37 5 1625 68 1307
37 1 2983 1 16
37 5 2469 20 511
37 1 2965 1 34
38 1 2978 1 21
38 4 2946 5 49
38 6 2340 43 617
38 6 1473 88 1439
38 1 2986 1 13
38 1 2955 1 44
38 1 2993 1 6
38 1 2988 1 11
38 8 1792 65 1143
38 3 2976 3 21
39 1 2986 1 13
39 7 2356 34 610
39 1 2979 1 20
39 1 2974 1 25
39 5 2769 6 225
39 6 1565 80 1355
39 7 1764 77 1159
39 1 2987 1 12
39 1 2993 1 6
39 6 1727 93 1180
40 3 2967 3 30
40 4 2325 28 647
40 6 2691 17 292
40 11 2102 47 851
40 8 1409 112 1479
40 4 2864 9 127
40 3 2918 4 78
40 13 1557 90 1353
40 9 1538 96 1366
40 11 1295 122 1583
41 1 2989 1 10
41 1 2993 1 6
41 7 1607 79 1314
41 1 2982 1 17
41 4 2856 8 136
41 6 2711 20 269
41 1 2982 1 17
41 4 2843 8 149
41 6 1658 61 1281
41 1 2992 1 7
42 1 2980 1 19
42 8 1173 161 1666
42 8 1965 42 993
42 6 1579 96 1325
42 2 2993 2 5
42 1 2989 1 10
42 2 2985 2 13
42 14 1793 82 1125
42 1 2973 1 26
42 10 1676 97 1227
43 1 2987 1 12
43 10 1471 137 1392
43 1 2983 1 16
43 4 2815 4 181
43 3 2839 5 156
43 5 2805 10 185
43 10 1829 73 1098
43 3 2902 6 92
43 1 2904 1 95
43 8 1811 89 1100
44 13 1456 120 1424
44 2 2961 2 37
44 9 2532 26 442
44 11 1883 74 1043
44 8 1526 111 1363
44 7 2110 40 850
44 7 1269 125 1606
44 1 2991 1 8
44 2 2956 2 42
44 3 2885 6 109
45 9 2596 23 381
45 11 1213 153 1634
45 13 2220 40 740
45 4 2802 9 189
45 1 2948 1 51
45 8 2098 51 851
45 1 2992 1 7
45 8 2286 44 670
45 4 2772 9 219
45 8 1500 95 1405
46 2 2965 2 33
46 4 2815 9 176
46 2 2900 2 98
46 12 1432 119 1449
46 10 1478 139 1383
46 10 1922 61 1017
46 2 2927 2 71
46 1 2977 1 22
46 4 2929 9 62
46 1 2890 1 109
47 8 1387 141 1472
47 1 2988 1 11
47 2 2946 3 51
47 4 2876 12 112
47 1 2985 1 14
47 12 1812 91 1097
47 1 2906 1 93
47 15 1544 117 1339
47 9 1573 132 1295
47 1 2986 1 13
48 2 2980 2 18
48 1 2982 1 17
48 2 2988 2 10
48 1 2992 1 7
48 8 1260 161 1579
48 7 1656 70 1274
48 10 1801 83 1116
48 3 2909 4 87
48 3 2983 3 14
48 1 2973 1 26
49 8 1850 66 1084
49 8 1367 155 1478
49 10 1594 97 1309
49 8 1021 214 1765
49 1 2993 1 6
49 1 2978 1 21
49 6 2204 32 764
49 9 1073 165 1762
49 7 1458 128 1414
49 8 1176 160 1664
50 8 2186 41 773
50 6 2793 16 191
50 2 2976 3 21
50 10 1163 183 1654
50 2 2965 2 33
50 8 2427 21 552
50 1 2973 1 26
50 14 1716 92 1192
50 9 1185 142 1673
50 9 1917 67 1016
51 2 2895 3 102
51 8 1786 99 1115
51 1 2974 1 25
51 1 2992 1 7
51 18 1489 127 1384
51 1 2989 1 10
51 3 2921 3 76
51 1 2965 1 34
51 3 2984 4 12
51 10 1424 155 1421
52 1 2987 1 12
52 8 1047 205 1748
52 8 1173 194 1633
52 2 2989 2 9
52 1 2974 1 25
52 3 2973 3 24
52 12 1407 169 1424
52 1 2950 1 49
52 7 2116 44 840
52 13 1817 84 1099
53 10 1108 187 1705
53 11 1342 170 1488
53 7 1225 229 1546
53 9 1018 198 1784
53 8 924 171 1905
53 3 2929 4 67
53 8 1138 168 1694
53 10 1203 197 1600
53 4 2809 12 179
53 17 1480 143 1377
54 10 1188 208 1604
54 8 1196 171 1633
54 4 2938 6 56
54 10 1501 115 1384
54 9 926 274 1800
54 2 2986 2 12
54 11 1177 178 1645
54 1 2983 1 16
54 1 2986 1 13
54 1 2991 1 8
55 14 1371 143 1486
55 10 1541 126 1333
55 10 1031 244 1725
55 8 1094 193 1713
55 13 1583 120 1297
55 9 872 251 1877
55 8 879 233 1888
55 3 2891 4 105
55 2 2992 2 6
55 15 1587 137 1276
56 2 2993 2 5
56 9 1753 95 1152
56 7 817 274 1909
56 1 2986 1 13
56 2 2990 2 8
56 12 1012 241 1747
56 2 2898 2 100
56 14 1352 162 1486
56 12 1261 192 1547
56 2 2978 2 20
57 3 2924 3 73
57 1 2989 1 10
57 8 873 324 1803
57 12 1490 133 1377
57 10 1147 200 1653
57 2 2965 2 33
57 11 1250 204 1546
57 12 947 266 1787
57 10 1459 137 1404
57 1 2965 1 34
58 1 2985 1 14
58 1 2956 1 43
58 11 1132 189 1679
58 13 1337 190 1473
58 10 1170 242 1588
58 14 1354 155 1491
58 4 2960 4 36
58 10 1368 167 1465
58 1 2936 1 63
58 13 1756 108 1136
59 15 1642 143 1215
59 1 2956 1 43
59 7 1753 133 1114
59 1 2987 1 12
59 11 1257 229 1514
59 12 1294 164 1542
59 9 973 236 1791
59 11 734 328 1938
59 10 902 247 1851
59 12 1402 148 1450
60 13 1284 222 1494
60 11 1018 205 1777
60 1 2994 1 5
60 1 2963 1 36
60 13 1113 237 1650
60 11 1087 238 1675
60 9 1062 271 1667
60 1 2984 1 15
60 14 1420 172 1408
60 1 2910 1 89
61 15 1461 166 1373
61 14 1257 216 1527
61 12 860 288 1852
61 10 1462 183 1355
61 11 742 359 1899
61 2 2969 2 29
61 8 1161 192 1647
61 17 1085 280 1635
61 9 740 368 1892
61 12 915 330 1755
62 11 742 334 1924
62 11 940 279 1781
62 2 2970 2 28
62 10 923 304 1773
62 8 799 353 1848
62 15 1012 302 1686
62 11 1017 267 1716
62 9 956 272 1772
62 9 704 326 1970
62 14 910 322 1768
63 1 2989 1 10
63 11 990 295 1715
63 14 1222 237 1541
63 12 1058 297 1645
63 2 2988 2 10
63 10 862 330 1808
63 10 1001 289 1710
63 11 745 356 1899
63 11 829 312 1859
63 11 993 259 1748
64 9 750 341 1909
64 1 2990 1 9
64 8 618 427 1955
64 11 1214 218 1568
64 9 563 504 1933
64 15 926 330 1744
64 13 806 403 1791
64 8 898 332 1770
64 9 872 329 1799
64 12 1148 215 1637
65 9 585 431 1984
65 9 836 361 1803
65 11 640 420 1940
65 10 720 304 1976
65 11 897 295 1808
65 11 1030 300 1670
65 18 1324 196 1480
65 1 2968 1 31
65 11 779 341 1880
65 10 741 370 1889
66 17 1148 276 1576
66 10 691 481 1828
66 10 1017 318 1665
66 12 1262 192 1546
66 13 940 310 1750
66 15 1151 253 1596
66 11 470 511 2019
66 1 2989 1 10
66 10 547 468 1985
66 9 1114 265 1621
67 4 2889 4 107
67 15 1220 266 1514
67 2 2994 2 4
67 10 689 469 1842
67 16 802 440 1758
67 10 803 396 1801
67 10 891 348 1761
67 12 845 347 1808
67 13 724 386 1890
67 11 1124 290 1586
68 10 740 373 1887
68 16 981 315 1704
68 8 456 560 1984
68 10 567 589 1844
68 11 609 457 1934
68 11 868 396 1736
68 9 466 648 1886
68 12 509 531 1960
68 11 1101 268 1631
68 9 700 439 1861
69 1 2986 1 13
69 15 873 377 1750
69 11 602 510 1888
69 20 891 351 1758
69 14 597 507 1896
69 9 594 544 1862
69 3 2967 3 30
69 12 853 356 1791
69 11 637 462 1901
69 2 2968 2 30
70 1 2985 1 14
70 11 1228 187 1585
70 10 592 526 1882
70 15 686 493 1821
70 6 2913 11 76
70 10 1078 309 1613
70 13 760 438 1802
70 9 736 442 1822
70 1 2972 1 27
70 2 2985 2 13
71 11 655 465 1880
71 11 804 444 1752
71 11 672 536 1792
71 13 707 498 1795
71 13 718 448 1834
71 11 536 638 1826
71 12 667 481 1852
71 9 662 468 1870
71 1 2986 1 13
71 15 761 433 1806
72 11 595 602 1803
72 3 2981 3 16
72 15 685 434 1881
72 11 862 438 1700
72 14 748 443 1809
72 10 507 610 1883
72 12 557 567 1876
72 17 820 444 1736
72 13 625 537 1838
72 10 885 447 1668
73 11 839 391 1770
73 15 1151 257 1592
73 11 623 611 1766
73 10 516 594 1890
73 10 768 439 1793
73 1 2981 1 18
73 12 515 609 1876
73 9 374 751 1875
73 11 670 495 1835
73 13 847 465 1688
74 11 562 630 1808
74 18 1240 285 1475
74 9 610 505 1885
74 10 808 431 1761
74 10 381 760 1859
74 11 571 569 1860
74 1 2995 1 4
74 12 662 534 1804
74 11 555 525 1920
74 9 623 563 1814
75 10 598 572 1830
75 11 930 393 1677
75 12 579 575 1846
75 9 407 700 1893
75 10 411 680 1909
75 2 2994 2 4
75 13 747 452 1801
75 2 2985 2 13
75 13 826 457 1717
75 9 516 643 1841
76 14 625 639 1736
76 12 579 652 1769
76 9 524 641 1835
76 1 2983 1 16
76 15 898 417 1685
76 15 652 557 1791
76 14 855 438 1707
76 14 519 634 1847
76 11 597 587 1816
76 10 528 662 1810
77 11 868 467 1665
77 14 625 651 1724
77 11 515 713 1772
77 9 335 931 1734
77 11 489 662 1849
77 11 393 749 1858
77 10 486 749 1765
77 11 392 918 1690
77 2 2965 2 33
77 10 455 744 1801
78 14 563 626 1811
78 11 545 723 1732
78 12 535 713 1752
78 10 366 962 1672
78 11 504 603 1893
78 10 410 744 1846
78 10 463 778 1759
78 2 2951 2 47
78 12 640 533 1827
78 11 512 673 1815
79 12 569 668 1763
79 10 357 856 1787
79 10 442 787 1771
79 1 2981 1 18
79 10 552 680 1768
79 11 391 800 1809
79 10 306 866 1828
79 13 451 767 1782
79 11 470 792 1738
79 10 435 845 1720
80 12 438 828 1734
80 2 2965 2 33
80 2 2978 2 20
80 12 482 702 1816
80 13 223 1171 1606
80 9 248 1098 1654
80 11 438 860 1702
80 11 506 831 1663
80 11 469 821 1710
80 13 561 683 1756
81 1 2975 1 24
81 11 498 717 1785
81 12 395 857 1748
81 10 522 781 1697
81 10 222 1127 1651
81 13 374 986 1640
81 10 449 936 1615
81 14 447 794 1759
81 10 378 904 1718
81 11 342 850 1808
82 13 448 851 1701
82 11 316 1011 1673
82 10 301 1063 1636
82 14 383 919 1698
82 11 457 1008 1535
82 17 454 702 1844
82 10 259 1155 1586
82 13 416 898 1686
82 10 332 992 1676
82 13 383 946 1671
83 14 368 911 1721
83 11 207 1182 1611
83 11 308 1157 1535
83 12 301 1098 1601
83 1 2984 1 15
83 11 250 1184 1566
83 10 343 1060 1597
83 12 272 1082 1646
83 12 490 865 1645
83 9 355 1046 1599
84 12 462 870 1668
84 11 332 1067 1601
84 12 385 994 1621
84 12 449 798 1753
84 10 314 1080 1606
84 11 395 916 1689
84 11 271 1221 1508
84 11 315 1105 1580
84 11 284 1133 1583
84 10 342 1150 1508
85 9 321 1157 1522
85 14 225 1302 1473
85 11 270 1197 1533
85 9 222 1325 1453
85 9 264 1316 1420
85 13 385 1018 1597
85 12 225 1284 1491
85 2 2989 2 9
85 13 389 863 1748
85 10 261 1270 1469
86 12 244 1298 1458
86 13 391 1013 1596
86 11 436 984 1580
86 11 307 1265 1428
86 10 223 1363 1414
86 11 194 1353 1453
86 10 182 1417 1401
86 10 336 1219 1445
86 11 347 1156 1497
86 10 251 1272 1477
87 13 302 1207 1491
87 9 209 1459 1332
87 11 338 1219 1443
87 10 279 1209 1512
87 11 162 1553 1285
87 11 304 1291 1405
87 10 272 1406 1322
87 13 164 1518 1318
87 12 238 1339 1423
87 15 349 1108 1543
88 9 213 1504 1283
88 11 359 1158 1483
88 10 203 1581 1216
88 9 213 1489 1298
88 10 304 1213 1483
88 9 265 1435 1300
88 12 257 1300 1443
88 2 2948 2 50
88 10 261 1371 1368
88 9 268 1326 1406
89 13 264 1457 1279
89 11 234 1468 1298
89 11 331 1338 1331
89 9 215 1601 1184
89 10 189 1569 1242
89 10 218 1541 1241
89 11 193 1502 1305
89 13 313 1186 1501
89 10 178 1603 1219
89 11 157 1553 1290
90 10 183 1789 1028
90 13 233 1605 1162
90 9 170 1692 1138
90 11 248 1470 1282
90 11 206 1596 1198
90 11 171 1717 1112
90 12 236 1518 1246
90 12 226 1626 1148
90 10 274 1450 1276
90 11 265 1476 1259
91 9 148 1795 1057
91 11 334 1430 1236
91 11 216 1631 1153
91 11 228 1594 1178
91 11 175 1675 1150
91 12 238 1517 1245
91 9 243 1638 1119
91 11 120 1845 1035
91 2 2986 2 12
91 10 155 1720 1125
92 10 163 1876 961
92 11 181 1812 1007
92 11 159 1865 976
92 10 156 1921 923
92 11 163 1887 950
92 10 117 2062 821
92 12 198 1658 1144
92 12 225 1663 1112
92 10 151 1897 952
92 11 129 2032 839
93 10 153 2027 820
93 9 136 2060 804
93 10 169 1948 883
93 11 74 2203 723
93 10 240 1850 910
93 11 164 1996 840
93 10 112 2176 712
93 10 131 2023 846
93 11 119 1997 884
93 10 148 2017 835
94 10 177 2051 772
94 9 119 2100 781
94 10 129 2144 727
94 9 118 2177 705
94 10 74 2256 670
94 11 127 2078 795
94 12 162 1902 936
94 12 136 2005 859
94 10 90 2235 675
94 12 262 1834 904
95 10 126 2176 698
95 9 115 2248 637
95 9 86 2423 491
95 11 132 2225 643
95 10 128 2272 600
95 11 109 2271 620
95 11 161 2189 650
95 9 131 2200 669
95 10 95 2340 565
95 13 163 2067 770
96 9 126 2419 455
96 10 51 2617 332
96 11 101 2360 539
96 11 72 2468 460
96 9 70 2475 455
96 10 38 2638 324
96 10 64 2512 424
96 10 74 2492 434
96 8 62 2503 435
96 11 40 2648 312
97 11 128 2441 431
97 11 41 2667 292
97 9 34 2747 219
97 11 55 2663 282
97 11 57 2672 271
97 10 49 2693 258
97 11 77 2618 305
97 10 39 2767 194
97 10 130 2426 444
97 9 34 2795 171
98 9 15 2889 96
98 9 40 2803 157
98 9 37 2802 161
98 9 66 2664 270
98 9 21 2895 84
98 9 42 2764 194
98 9 8 2882 110
98 11 30 2830 140
98 10 75 2713 212
98 11 107 2563 330
99 9 0 3000 0
99 8 0 3000 0
99 9 0 3000 0
99 10 0 3000 0
99 9 0 3000 0
99 9 0 3000 0
99 11 0 3000 0
99 10 0 3000 0
99 10 0 3000 0
99 10 0 3000 0
