0 1.00 2950.30 1.00 48.70
1 1.00 2979.80 1.00 19.20
2 1.10 2960.50 1.10 38.40
3 1.00 2959.10 1.00 39.90
4 1.00 2951.00 1.00 48.00
5 1.40 2966.20 1.50 32.30
6 1.20 2967.60 1.30 31.10
7 1.20 2976.70 1.20 22.10
8 1.10 2976.70 1.10 22.20
9 1.20 2956.30 1.20 42.50
10 1.20 2931.40 1.40 67.20
11 1.40 2932.40 1.80 65.80
12 1.10 2976.20 1.10 22.70
13 1.40 2936.40 1.90 61.70
14 1.40 2948.20 1.60 50.20
15 1.10 2963.60 1.10 35.30
16 2.10 2820.30 5.40 174.30
17 1.30 2975.60 1.30 23.10
18 1.70 2954.10 1.70 44.20
19 1.50 2968.30 1.60 30.10
20 2.20 2845.20 4.20 150.60
21 1.60 2876.20 4.50 119.30
22 2.10 2771.60 7.00 221.40
23 1.60 2885.40 3.20 111.40
24 1.30 2962.70 1.30 36.00
25 1.60 2879.30 3.40 117.30
26 2.10 2779.90 8.40 211.70
27 1.40 2915.10 3.00 81.90
28 2.40 2825.60 8.00 166.40
29 2.40 2830.30 5.60 164.10
30 2.40 2762.20 10.00 227.80
31 3.00 2776.20 10.30 213.50
32 2.40 2753.20 12.10 234.70
33 3.20 2589.10 21.20 389.70
34 3.40 2639.60 17.40 343.00
35 2.60 2782.00 12.80 205.20
36 4.20 2579.70 21.60 398.70
37 3.20 2581.40 20.80 397.80
38 3.20 2642.70 20.90 336.40
39 3.60 2510.00 29.50 460.50
40 7.20 2166.60 52.80 780.60
41 3.20 2661.30 18.10 320.60
42 5.30 2310.60 48.50 640.90
43 4.60 2534.60 32.70 432.70
44 6.30 2256.90 50.70 692.40
45 6.70 2342.70 42.60 614.70
46 4.80 2523.50 34.50 442.00
47 5.40 2400.30 50.00 549.70
48 3.80 2552.40 32.80 414.80
49 6.60 1771.40 101.90 1126.70
50 6.90 2230.10 56.80 713.10
51 4.80 2541.90 39.50 418.60
52 5.60 2243.30 70.40 686.30
53 8.70 1517.60 147.90 1334.50
54 5.70 2087.20 95.70 817.10
55 9.20 1584.10 145.30 1270.60
56 6.30 2104.00 97.30 798.70
57 7.00 1900.90 127.10 972.00
58 7.80 1995.40 105.80 898.80
59 8.90 1590.00 163.00 1247.00
60 7.50 1883.50 134.90 981.60
61 11.00 1265.20 238.40 1496.40
62 10.00 1097.30 276.10 1626.60
63 9.30 1367.70 237.80 1394.50
64 9.50 1078.50 310.00 1611.50
65 10.10 1052.00 301.90 1646.10
66 10.80 1132.90 307.50 1559.60
67 10.30 1298.10 294.80 1407.10
68 10.70 699.70 457.60 1842.70
69 9.80 1396.80 311.30 1291.90
70 7.80 1693.50 241.00 1065.50
71 10.70 916.80 441.20 1642.00
72 11.60 926.50 452.50 1621.00
73 10.30 928.40 461.30 1610.30
74 10.20 900.70 480.30 1619.00
75 9.10 1099.30 447.60 1453.10
76 11.50 876.00 522.80 1601.20
77 10.00 752.30 658.60 1589.10
78 10.30 748.90 635.70 1615.40
79 9.80 695.40 706.20 1598.40
80 9.60 930.80 699.80 1369.40
81 10.20 660.20 795.30 1544.50
82 12.20 374.90 954.50 1670.60
83 10.30 587.80 958.60 1453.60
84 11.10 354.90 1033.40 1611.70
85 10.20 555.10 1073.40 1371.50
86 10.90 291.10 1234.00 1474.90
87 11.50 261.70 1330.90 1407.40
88 9.10 529.10 1237.90 1233.00
89 10.90 229.20 1481.80 1289.00
90 11.00 221.20 1593.90 1184.90
91 9.70 484.30 1484.70 1031.00
92 10.80 164.20 1867.30 968.50
93 10.20 144.60 2029.70 825.70
94 10.50 139.40 2078.20 782.40
95 10.30 124.60 2241.10 634.30
96 9.90 69.80 2513.20 417.00
97 10.30 64.40 2648.90 286.70
98 9.50 44.10 2780.50 175.40
99 9.50 0.00 3000.00 0.00
