0 1 2667 1 332
0 1 2944 1 55
0 1 2791 1 208
0 1 2655 1 344
0 1 2396 1 603
0 1 2289 1 710
0 1 2906 1 93
0 1 2889 1 110
0 1 2914 1 85
0 1 2815 1 184
1 1 2963 1 36
1 1 2933 1 66
1 1 2966 1 33
1 1 2970 1 29
1 1 2929 1 70
1 1 2974 1 25
1 1 2375 1 624
1 1 2904 1 95
1 1 2840 1 159
1 1 2901 1 98
2 1 2880 1 119
2 1 2925 1 74
2 1 2667 1 332
2 1 2806 1 193
2 1 2393 1 606
2 1 2736 1 263
2 1 2720 1 279
2 1 2530 1 469
2 1 2687 1 312
2 1 2857 1 142
3 1 2878 1 121
3 1 2958 1 41
3 1 2947 1 52
3 1 2951 1 48
3 1 2907 1 92
3 1 2759 1 240
3 1 2964 1 35
3 1 2908 1 91
3 1 2789 1 210
3 1 2433 1 566
4 1 2917 1 82
4 1 2904 1 95
4 1 2881 1 118
4 1 2667 1 332
4 1 2947 1 52
4 1 2893 1 106
4 1 2721 1 278
4 1 2344 1 655
4 1 2901 1 98
4 1 2687 1 312
5 1 2893 1 106
5 1 2646 1 353
5 1 2970 1 29
5 1 2855 1 144
5 1 2890 1 109
5 1 2735 1 264
5 1 2827 1 172
5 1 2875 1 124
5 1 2953 1 46
5 1 2596 1 403
6 1 2396 1 603
6 1 2875 1 124
6 1 2970 1 29
6 1 2955 1 44
6 1 2342 1 657
6 1 2568 1 431
6 1 2698 1 301
6 1 2904 1 95
6 1 2797 1 202
6 1 2976 1 23
7 1 2624 1 375
7 1 2892 1 107
7 1 2815 1 184
7 1 2933 1 66
7 3 1449 3 1548
7 1 2913 1 86
7 1 2268 1 731
7 1 2822 1 177
7 1 2847 1 152
7 1 2313 1 686
8 1 2735 1 264
8 1 2793 1 206
8 1 2901 1 98
8 1 2951 1 48
8 1 2861 1 138
8 1 2950 1 49
8 1 2908 1 91
8 1 2847 1 152
8 1 2901 1 98
8 1 2882 1 117
9 1 2937 1 62
9 1 2854 1 145
9 1 2901 1 98
9 1 2648 1 351
9 1 2862 1 137
9 1 2944 1 55
9 1 2943 1 56
9 2 1555 2 1443
9 1 2635 1 364
9 1 2721 1 278
10 1 2961 1 38
10 1 2667 1 332
10 1 2947 1 52
10 1 2654 1 345
10 1 2938 1 61
10 1 2906 1 93
10 2 1992 2 1006
10 2 2781 2 217
10 1 2937 1 62
10 1 2852 1 147
11 1 2975 1 24
11 1 2890 1 109
11 1 2964 1 35
11 1 2881 1 118
11 2 1721 3 1276
11 1 2342 1 657
11 1 2804 1 195
11 1 2914 1 85
11 1 2853 1 146
11 1 2964 1 35
12 1 2974 1 25
12 1 2846 1 153
12 1 2885 1 114
12 1 2956 1 43
12 1 2973 1 26
12 2 1434 2 1564
12 2 2545 2 453
12 1 2940 1 59
12 2 2141 3 856
12 1 2525 1 474
13 1 2949 1 50
13 1 2839 1 160
13 1 2827 1 172
13 1 2955 1 44
13 1 2982 1 17
13 1 2879 1 120
13 1 2797 1 202
13 1 2654 1 345
13 1 2934 1 65
13 2 2574 2 424
14 1 2987 1 12
14 1 2946 1 53
14 1 2875 1 124
14 1 2943 1 56
14 1 2833 1 166
14 1 2815 1 184
14 1 2722 1 277
14 1 2855 1 144
14 1 2490 1 509
14 1 2827 1 172
15 1 2498 1 501
15 1 2878 1 121
15 1 2483 1 516
15 2 2382 2 616
15 1 2889 1 110
15 1 2873 1 126
15 1 2498 1 501
15 1 2342 1 657
15 1 2802 1 197
15 1 2985 1 14
16 2 2686 2 312
16 1 2973 1 26
16 2 2588 2 410
16 1 2940 1 59
16 1 2819 1 180
16 1 2903 1 96
16 1 2759 1 240
16 1 2778 1 221
16 1 2678 1 321
16 1 2802 1 197
17 1 2755 1 244
17 1 2408 1 591
17 1 2981 1 18
17 1 2973 1 26
17 1 2344 1 655
17 1 2500 1 499
17 1 2678 1 321
17 1 2977 1 22
17 1 2905 1 94
17 1 2498 1 501
18 1 2861 1 138
18 2 2843 2 155
18 1 2809 1 190
18 1 2890 1 109
18 2 2770 2 228
18 1 2964 1 35
18 1 2931 1 68
18 1 2885 1 114
18 1 2517 1 482
18 1 2761 1 238
19 1 2713 1 286
19 1 2454 1 545
19 3 1209 3 1788
19 1 2698 1 301
19 1 2967 1 32
19 1 2833 1 166
19 1 2541 1 458
19 2 2023 2 975
19 1 2498 1 501
19 1 2951 1 48
20 1 2517 1 482
20 1 2986 1 13
20 1 2560 1 439
20 1 2878 1 121
20 2 2183 2 815
20 1 2933 1 66
20 1 2878 1 121
20 1 2906 1 93
20 1 2901 1 98
20 1 2957 1 42
21 2 1925 2 1073
21 1 2932 1 67
21 2 2229 2 769
21 2 2174 3 823
21 1 2945 1 54
21 2 2652 2 346
21 1 2698 1 301
21 1 2964 1 35
21 2 2932 2 66
21 1 2594 1 405
22 1 2862 1 137
22 1 2611 1 388
22 1 2822 1 177
22 1 2965 1 34
22 1 2699 1 300
22 2 2814 2 184
22 2 2841 2 157
22 1 2655 1 344
22 3 2554 3 443
22 1 2498 1 501
23 2 1696 3 1301
23 1 2775 1 224
23 1 2958 1 41
23 1 2829 1 170
23 1 2859 1 140
23 1 2672 1 327
23 1 2943 1 56
23 3 1630 3 1367
23 1 2755 1 244
23 1 2948 1 51
24 1 2890 1 109
24 2 2140 3 857
24 1 2761 1 238
24 3 1262 3 1735
24 1 2484 1 515
24 2 2786 2 212
24 1 2342 1 657
24 1 2966 1 33
24 1 2344 1 655
24 2 1533 2 1465
25 1 2937 1 62
25 1 2974 1 25
25 1 2920 1 79
25 1 2915 1 84
25 2 2729 2 269
25 1 2849 1 150
25 1 2877 1 122
25 1 2974 1 25
25 1 2659 1 340
25 1 2956 1 43
26 1 2344 1 655
26 2 2326 2 672
26 1 2485 1 514
26 1 2855 1 144
26 1 2885 1 114
26 1 2667 1 332
26 1 2948 1 51
26 1 2901 1 98
26 1 2862 1 137
26 1 2667 1 332
27 2 2141 2 857
27 1 2966 1 33
27 2 2739 2 259
27 1 2871 1 128
27 1 2929 1 70
27 1 2967 1 32
27 1 2498 1 501
27 1 2938 1 61
27 1 2949 1 50
27 1 2920 1 79
28 1 2958 1 41
28 2 2958 2 40
28 2 1492 2 1506
28 1 2946 1 53
28 1 2947 1 52
28 1 2667 1 332
28 1 2813 1 186
28 2 2734 2 264
28 1 2977 1 22
28 1 2289 1 710
29 2 2198 2 800
29 1 2655 1 344
29 1 2461 1 538
29 1 2982 1 17
29 1 2965 1 34
29 2 2650 2 348
29 1 2875 1 124
29 1 2705 1 294
29 1 2664 1 335
29 1 2699 1 300
30 2 1687 2 1311
30 1 2943 1 56
30 1 2820 1 179
30 2 2459 2 539
30 1 2884 1 115
30 1 2929 1 70
30 1 2108 1 891
30 1 2899 1 100
30 1 2443 1 556
30 1 2992 1 7
31 2 2464 2 534
31 1 2976 1 23
31 2 2828 2 170
31 1 2560 1 439
31 2 2817 2 181
31 1 2498 1 501
31 2 1677 2 1321
31 2 2881 3 116
31 1 2696 1 303
31 1 2868 1 131
32 1 2914 1 85
32 4 1029 4 1967
32 1 2910 1 89
32 1 2801 1 198
32 3 2145 4 851
32 2 2561 3 436
32 1 2724 1 275
32 1 2894 1 105
32 1 2655 1 344
32 2 2265 3 732
33 1 2941 1 58
33 1 2984 1 15
33 1 2985 1 14
33 1 2481 1 518
33 2 2880 2 118
33 1 2699 1 300
33 1 2945 1 54
33 2 2940 2 58
33 1 2871 1 128
33 2 2894 2 104
34 1 2517 1 482
34 1 2655 1 344
34 3 2678 3 319
34 1 2894 1 105
34 1 2795 1 204
34 3 1948 3 1049
34 3 1768 5 1227
34 1 2977 1 22
34 2 2169 2 829
34 1 2958 1 41
35 3 2379 4 617
35 1 2943 1 56
35 2 2809 2 189
35 1 2938 1 61
35 2 1515 2 1483
35 1 2975 1 24
35 1 2498 1 501
35 1 2890 1 109
35 1 2498 1 501
35 3 1241 4 1755
36 2 2635 3 362
36 3 2060 3 937
36 1 2670 1 329
36 1 2510 1 489
36 1 2974 1 25
36 3 1152 5 1843
36 3 2602 3 395
36 2 1700 2 1298
36 1 2894 1 105
36 2 2450 2 548
37 1 2344 1 655
37 2 2812 3 185
37 1 2850 1 149
37 1 2696 1 303
37 2 2278 2 720
37 1 2985 1 14
37 2 1548 3 1449
37 1 2865 1 134
37 1 2396 1 603
37 1 2823 1 176
38 3 981 3 2016
38 2 2946 2 52
38 1 2948 1 51
38 2 1625 3 1372
38 1 2887 1 112
38 4 1503 5 1492
38 1 2696 1 303
38 1 2979 1 20
38 3 1738 4 1258
38 2 2483 3 514
39 1 2843 1 156
39 2 2331 3 666
39 1 2962 1 37
39 1 2802 1 197
39 1 2872 1 127
39 1 2840 1 159
39 3 2355 4 641
39 1 2977 1 22
39 2 2391 2 607
39 2 2473 2 525
40 3 1414 4 1582
40 2 2616 2 382
40 1 2728 1 271
40 1 2778 1 221
40 1 2286 1 713
40 2 2558 3 439
40 1 2964 1 35
40 2 2763 2 235
40 2 2292 3 705
40 2 1862 3 1135
41 2 2316 3 681
41 1 2268 1 731
41 2 2710 2 288
41 2 2176 3 821
41 2 2386 2 612
41 2 2922 2 76
41 1 2698 1 301
41 1 2961 1 38
41 2 2732 3 265
41 1 2957 1 42
42 1 2915 1 84
42 1 2664 1 335
42 4 2114 5 881
42 2 1824 2 1174
42 1 2736 1 263
42 2 2613 2 385
42 3 2374 3 623
42 1 2917 1 82
42 1 2755 1 244
42 1 2948 1 51
43 1 2933 1 66
43 1 2948 1 51
43 2 1832 3 1165
43 1 2854 1 145
43 1 2835 1 164
43 1 2926 1 73
43 3 1125 4 1871
43 1 2826 1 173
43 3 1159 3 1838
43 1 2872 1 127
44 2 2290 3 707
44 2 2085 3 912
44 3 2504 4 492
44 1 2862 1 137
44 1 2667 1 332
44 1 2890 1 109
44 1 2721 1 278
44 1 2977 1 22
44 1 2418 1 581
44 4 2471 4 525
45 1 2710 1 289
45 1 2961 1 38
45 2 2666 2 332
45 1 2720 1 279
45 1 2942 1 57
45 2 2924 2 74
45 1 2724 1 275
45 2 2335 2 663
45 1 2498 1 501
45 1 2970 1 29
46 3 2464 5 531
46 3 1575 6 1419
46 3 1999 4 997
46 1 2976 1 23
46 1 2822 1 177
46 2 2861 3 136
46 2 2160 3 837
46 1 2894 1 105
46 1 2808 1 191
46 1 2971 1 28
47 2 2674 3 323
47 1 2517 1 482
47 1 2534 1 465
47 2 2361 3 636
47 2 2124 2 874
47 1 2680 1 319
47 1 2836 1 163
47 3 1431 4 1565
47 2 2596 3 401
47 1 2916 1 83
48 1 2971 1 28
48 3 1522 5 1473
48 1 2878 1 121
48 1 2678 1 321
48 2 2871 2 127
48 1 2917 1 82
48 1 2691 1 308
48 1 2970 1 29
48 2 2483 2 515
48 1 2344 1 655
49 1 2946 1 53
49 1 2822 1 177
49 1 2847 1 152
49 1 2883 1 116
49 1 2664 1 335
49 2 2692 3 305
49 1 2843 1 156
49 1 2667 1 332
49 1 2517 1 482
49 3 1596 3 1401
50 1 2956 1 43
50 3 1240 6 1754
50 3 1198 4 1798
50 3 2061 7 932
50 1 2910 1 89
50 3 1212 3 1785
50 2 2279 3 718
50 2 1563 2 1435
50 4 1329 10 1661
50 1 2974 1 25
51 1 2860 1 139
51 3 2625 5 370
51 1 2852 1 147
51 1 2963 1 36
51 1 2959 1 40
51 3 1864 5 1131
51 2 2797 2 201
51 2 2976 3 21
51 3 1561 6 1433
51 2 2739 3 258
52 2 1914 3 1083
52 1 2944 1 55
52 2 2148 2 850
52 2 2473 2 525
52 1 2485 1 514
52 1 2877 1 122
52 2 2000 3 997
52 1 2890 1 109
52 1 2925 1 74
52 1 2924 1 75
53 1 2989 1 10
53 3 1481 3 1516
53 1 2947 1 52
53 1 2498 1 501
53 5 1816 9 1175
53 2 2357 3 640
53 2 2895 3 102
53 1 2802 1 197
53 2 2698 3 299
53 2 1767 3 1230
54 1 2822 1 177
54 4 1752 6 1242
54 3 1584 4 1412
54 2 2856 2 142
54 1 2962 1 37
54 1 2624 1 375
54 1 2926 1 73
54 3 1992 4 1004
54 2 2857 2 141
54 1 2802 1 197
55 2 2274 2 724
55 1 2862 1 137
55 1 2937 1 62
55 1 2461 1 538
55 1 2968 1 31
55 2 2926 3 71
55 2 2113 2 885
55 1 2664 1 335
55 1 2942 1 57
55 2 2516 3 481
56 2 1617 2 1381
56 4 1685 9 1306
56 3 1680 6 1314
56 2 2434 3 563
56 1 2805 1 194
56 2 1898 2 1100
56 3 1815 4 1181
56 1 2972 1 27
56 1 2959 1 40
56 1 2517 1 482
57 2 2671 2 327
57 3 1484 6 1510
57 3 1122 4 1874
57 3 1644 5 1351
57 3 1604 5 1391
57 4 2275 6 719
57 3 2629 5 366
57 1 2900 1 99
57 4 1117 4 1879
57 1 2867 1 132
58 2 2662 3 335
58 1 2836 1 163
58 3 1078 5 1917
58 4 1152 8 1840
58 1 2678 1 321
58 2 2252 2 746
58 3 2265 9 726
58 1 2498 1 501
58 2 1995 2 1003
58 5 1338 14 1648
59 1 2977 1 22
59 1 2815 1 184
59 1 2713 1 286
59 4 1251 8 1741
59 2 2407 2 591
59 1 2938 1 61
59 4 1426 6 1568
59 1 2664 1 335
59 6 1506 21 1473
59 2 2816 3 181
60 1 2821 1 178
60 1 2943 1 56
60 5 1671 21 1308
60 3 2826 5 169
60 1 2517 1 482
60 1 2986 1 13
60 1 2920 1 79
60 1 2903 1 96
60 2 2326 2 672
60 4 2472 10 518
61 1 2887 1 112
61 2 2792 3 205
61 1 2868 1 131
61 2 2870 2 128
61 1 2913 1 86
61 1 2951 1 48
61 1 2541 1 458
61 2 2670 2 328
61 3 1039 4 1957
61 1 2461 1 538
62 3 1491 5 1504
62 1 2894 1 105
62 1 2975 1 24
62 4 1233 10 1757
62 1 2906 1 93
62 1 2932 1 67
62 1 2921 1 78
62 2 2730 3 267
62 1 2947 1 52
62 1 2759 1 240
63 3 1162 8 1830
63 2 2655 2 343
63 2 2290 3 707
63 1 2687 1 312
63 1 2889 1 110
63 3 2052 4 944
63 3 2265 8 727
63 2 1854 2 1144
63 2 2824 3 173
63 1 2981 1 18
64 1 2724 1 275
64 3 2382 5 613
64 3 1369 4 1627
64 1 2970 1 29
64 3 1675 3 1322
64 2 2429 2 569
64 1 2767 1 232
64 1 2517 1 482
64 1 2721 1 278
64 4 1191 7 1802
65 1 2949 1 50
65 1 2864 1 135
65 4 1119 10 1871
65 1 2418 1 581
65 1 2894 1 105
65 2 1758 3 1239
65 2 2677 3 320
65 1 2974 1 25
65 1 2967 1 32
65 4 791 24 2185
66 1 2958 1 41
66 2 2306 3 691
66 1 2946 1 53
66 1 2929 1 70
66 3 1388 3 1609
66 1 2624 1 375
66 3 1692 3 1305
66 3 1122 4 1874
66 1 2778 1 221
66 2 2904 3 93
67 1 2957 1 42
67 1 2903 1 96
67 3 1324 6 1670
67 4 2578 7 415
67 1 2664 1 335
67 3 2605 3 392
67 2 2604 2 394
67 1 2826 1 173
67 4 1162 6 1832
67 3 2673 5 322
68 4 1503 6 1491
68 1 2882 1 117
68 2 2641 3 356
68 2 2040 2 958
68 1 2934 1 65
68 2 1996 2 1002
68 1 2867 1 132
68 2 2640 2 358
68 4 1311 6 1683
68 3 1426 4 1570
69 2 2525 3 472
69 1 2908 1 91
69 1 2914 1 85
69 4 2245 6 749
69 1 2891 1 108
69 3 2853 4 143
69 3 2059 6 935
69 4 1709 6 1285
69 3 1697 5 1298
69 3 1301 7 1692
70 2 2899 2 99
70 1 2958 1 41
70 2 2924 3 73
70 3 2163 11 826
70 3 1431 4 1565
70 3 1485 6 1509
70 1 2821 1 178
70 4 1986 6 1008
70 1 2517 1 482
70 4 1596 8 1396
71 3 2263 7 730
71 3 1900 5 1095
71 3 2615 6 379
71 3 2359 13 628
71 2 2803 3 194
71 1 2664 1 335
71 3 2061 6 933
71 1 2802 1 197
71 3 1380 13 1607
71 2 2069 3 928
72 2 2151 3 846
72 1 2800 1 199
72 3 2524 4 472
72 1 2856 1 143
72 3 1433 5 1562
72 2 1940 2 1058
72 2 2403 3 594
72 1 2344 1 655
72 3 2665 5 330
72 6 1568 13 1419
73 1 2980 1 19
73 3 1494 6 1500
73 2 2762 3 235
73 2 2838 3 159
73 3 1803 10 1187
73 1 2987 1 12
73 1 2678 1 321
73 5 1380 15 1605
73 4 829 12 2159
73 3 2089 7 904
74 6 1334 17 1649
74 2 2949 2 49
74 3 2129 4 867
74 3 1325 5 1670
74 1 2980 1 19
74 3 1842 9 1149
74 3 2226 6 768
74 1 2822 1 177
74 4 2292 9 699
74 3 1390 8 1602
75 4 2148 7 845
75 3 2630 7 363
75 3 2626 4 370
75 2 2247 3 750
75 4 2383 7 610
75 2 2784 3 213
75 6 955 11 2034
75 4 1594 21 1385
75 5 1337 16 1647
75 1 2794 1 205
76 4 1740 7 1253
76 1 2947 1 52
76 1 2889 1 110
76 3 1549 4 1447
76 2 2298 3 699
76 6 1465 33 1502
76 3 2293 7 700
76 3 1993 5 1002
76 4 1872 12 1116
76 4 1375 12 1613
77 3 2386 8 606
77 1 2982 1 17
77 4 1563 14 1423
77 2 2615 3 382
77 1 2736 1 263
77 4 1989 7 1004
77 1 2461 1 538
77 1 2989 1 10
77 3 1533 6 1461
77 3 2215 3 782
78 2 2604 2 394
78 3 2723 4 273
78 1 2890 1 109
78 1 2951 1 48
78 1 2959 1 40
78 7 1659 15 1326
78 2 2281 2 717
78 5 1747 14 1239
78 1 2881 1 118
78 1 2973 1 26
79 2 2098 2 900
79 1 2661 1 338
79 2 2597 3 400
79 7 1369 16 1615
79 2 2156 3 841
79 3 1966 5 1029
79 5 1605 18 1377
79 7 1315 34 1651
79 4 1064 17 1919
79 2 2957 2 41
80 1 2992 1 7
80 4 977 14 2009
80 3 2326 3 671
80 1 2900 1 99
80 3 1524 8 1468
80 4 2206 6 788
80 5 1497 14 1489
80 1 2108 1 891
80 4 2676 5 319
80 3 2126 12 862
81 3 2771 5 224
81 6 1103 51 1846
81 4 2398 14 588
81 4 1352 17 1631
81 1 2517 1 482
81 1 2777 1 222
81 6 1298 17 1685
81 3 1926 8 1066
81 4 1912 12 1076
81 5 1038 49 1913
82 3 1935 7 1058
82 1 2958 1 41
82 6 1096 39 1865
82 1 2993 1 6
82 5 980 25 1995
82 1 2736 1 263
82 7 645 73 2282
82 1 2719 1 280
82 6 1342 27 1631
82 6 1085 38 1877
83 4 2349 9 642
83 6 2169 17 814
83 9 960 75 1965
83 3 1518 4 1478
83 6 1326 20 1654
83 5 1017 21 1962
83 2 2296 2 702
83 6 1060 35 1905
83 4 1611 16 1373
83 4 1682 9 1309
84 3 2436 12 552
84 1 2964 1 35
84 3 1751 5 1244
84 6 1344 40 1616
84 3 2689 4 307
84 3 1735 6 1259
84 2 2239 3 758
84 1 2696 1 303
84 3 2964 4 32
84 4 2290 6 704
85 6 1216 44 1740
85 4 1045 33 1922
85 2 2150 3 847
85 5 1461 49 1490
85 7 685 88 2227
85 3 2573 8 419
85 6 2016 13 971
85 5 1806 8 1186
85 8 851 34 2115
85 6 1579 34 1387
86 2 2332 3 665
86 1 2664 1 335
86 4 2862 7 131
86 6 901 58 2041
86 4 1866 11 1123
86 3 2029 9 962
86 9 956 65 1979
86 6 1061 37 1902
86 6 681 63 2256
86 9 663 162 2175
87 4 1558 37 1405
87 6 927 28 2045
87 2 2272 3 725
87 3 1997 4 999
87 5 1279 19 1702
87 3 1633 6 1361
87 6 1708 15 1277
87 8 765 89 2146
87 2 2470 2 528
87 3 2718 4 278
88 9 987 77 1936
88 7 879 55 2066
88 9 799 69 2132
88 10 651 64 2285
88 1 2724 1 275
88 8 520 182 2298
88 6 486 96 2418
88 8 709 116 2175
88 1 2977 1 22
88 9 792 123 2085
89 5 1313 45 1642
89 7 667 95 2238
89 7 1252 46 1702
89 7 748 46 2206
89 7 754 107 2139
89 3 1884 4 1112
89 5 1062 41 1897
89 6 1063 49 1888
89 6 946 64 1990
89 10 671 153 2176
90 13 653 163 2184
90 10 569 203 2228
90 10 1021 62 1917
90 6 1314 25 1661
90 10 1095 83 1822
90 4 1666 27 1307
90 8 1847 21 1132
90 6 1359 25 1616
90 3 2167 8 825
90 11 528 206 2266
91 9 1645 27 1328
91 7 823 32 2145
91 11 407 159 2434
91 2 2078 3 919
91 9 508 101 2391
91 10 1106 50 1844
91 3 2957 7 36
91 3 1695 6 1299
91 3 2129 4 867
91 12 472 194 2334
92 10 841 183 1976
92 7 633 118 2249
92 11 603 133 2264
92 12 702 104 2194
92 8 514 124 2362
92 7 1016 67 1917
92 8 1263 46 1691
92 1 2833 1 166
92 5 1245 57 1698
92 1 2778 1 221
93 9 693 126 2181
93 3 1673 5 1322
93 12 315 255 2430
93 9 466 279 2255
93 13 904 132 1964
93 7 752 73 2175
93 11 482 222 2296
93 12 557 155 2288
93 4 2011 20 969
93 8 515 276 2209
94 8 470 231 2299
94 1 2826 1 173
94 10 583 205 2212
94 1 2894 1 105
94 10 646 209 2145
94 11 728 211 2061
94 14 662 188 2150
94 9 429 375 2196
94 11 742 203 2055
94 1 2541 1 458
95 7 1702 35 1263
95 13 565 388 2047
95 9 396 364 2240
95 9 501 326 2173
95 11 331 528 2141
95 11 226 426 2348
95 13 344 570 2086
95 11 426 377 2197
95 11 301 488 2211
95 12 304 536 2160
96 11 319 637 2044
96 10 266 836 1898
96 11 247 584 2169
96 15 515 555 1930
96 11 336 549 2115
96 11 384 442 2174
96 11 309 586 2105
96 13 310 589 2101
96 10 367 504 2129
96 13 285 569 2146
97 12 270 863 1867
97 10 202 1178 1620
97 15 177 885 1938
97 10 341 981 1678
97 11 173 1354 1473
97 12 180 1099 1721
97 10 168 1146 1686
97 11 219 1051 1730
97 13 274 904 1822
97 11 395 680 1925
98 10 274 1448 1278
98 11 126 1958 916
98 12 291 1306 1403
98 11 393 1153 1454
98 9 217 1554 1229
98 14 317 1272 1411
98 12 271 1152 1577
98 15 245 1045 1710
98 9 109 2085 806
98 11 207 1480 1313
99 9 0 3000 0
99 10 0 3000 0
99 9 0 3000 0
99 9 0 3000 0
99 10 0 3000 0
99 10 0 3000 0
99 9 0 3000 0
99 10 0 3000 0
99 10 0 3000 0
99 10 0 3000 0
