0 1.00 2726.60 1.00 272.40
1 1.00 2875.50 1.00 123.50
2 1.00 2720.10 1.00 278.90
3 1.00 2849.40 1.00 149.60
4 1.00 2786.20 1.00 212.80
5 1.00 2824.00 1.00 175.00
6 1.00 2748.10 1.00 250.90
7 1.20 2587.60 1.20 411.20
8 1.00 2872.90 1.00 126.10
9 1.10 2700.00 1.10 298.90
10 1.20 2763.50 1.20 235.30
11 1.10 2730.80 1.20 268.00
12 1.30 2621.90 1.40 376.70
13 1.10 2839.00 1.10 159.90
14 1.00 2829.30 1.00 169.70
15 1.10 2663.00 1.10 335.90
16 1.20 2792.60 1.20 206.20
17 1.00 2701.90 1.00 297.10
18 1.20 2823.10 1.20 175.70
19 1.30 2488.70 1.30 510.00
20 1.10 2769.90 1.10 229.00
21 1.50 2604.50 1.60 393.90
22 1.40 2732.10 1.40 266.50
23 1.30 2606.50 1.40 392.10
24 1.50 2350.80 1.60 647.60
25 1.10 2879.00 1.10 119.90
26 1.10 2694.00 1.10 304.90
27 1.20 2791.80 1.20 207.00
28 1.30 2678.10 1.30 320.60
29 1.20 2685.40 1.20 313.40
30 1.20 2616.40 1.20 382.40
31 1.50 2626.50 1.60 371.90
32 1.70 2489.80 2.00 508.20
33 1.30 2862.00 1.30 136.70
34 1.70 2535.90 1.90 462.20
35 1.60 2468.60 1.80 529.60
36 1.90 2364.70 2.20 633.10
37 1.30 2559.70 1.50 438.80
38 2.00 2278.60 2.40 719.00
39 1.50 2684.60 1.70 313.70
40 1.70 2426.10 2.10 571.80
41 1.60 2612.60 1.90 385.50
42 1.70 2586.00 1.80 412.20
43 1.50 2431.00 1.70 567.30
44 1.70 2588.50 2.00 409.50
45 1.30 2745.00 1.30 253.70
46 1.80 2553.00 2.60 444.40
47 1.60 2466.90 2.00 531.10
48 1.40 2632.50 1.60 365.90
49 1.30 2647.70 1.40 350.90
50 2.30 1972.20 3.80 1024.00
51 1.90 2619.60 2.80 377.60
52 1.40 2558.00 1.60 440.40
53 2.00 2425.00 2.80 572.20
54 1.90 2517.70 2.30 480.00
55 1.40 2666.30 1.60 332.10
56 2.00 2238.20 3.00 758.80
57 2.70 2031.30 3.90 964.80
58 2.40 2075.40 4.60 920.00
59 2.30 2351.30 4.50 644.20
60 2.00 2638.50 4.40 357.10
61 1.50 2599.20 1.70 399.10
62 1.60 2578.80 2.50 418.70
63 2.00 2365.90 3.30 630.80
64 2.00 2274.50 2.60 722.90
65 1.80 2341.10 4.60 654.30
66 1.80 2364.70 2.10 633.20
67 2.30 2429.60 3.30 567.10
68 2.20 2224.00 2.80 773.20
69 2.50 2310.20 4.00 685.80
70 2.40 2278.00 4.30 717.70
71 2.40 2291.60 5.80 702.60
72 2.40 2268.40 3.80 727.80
73 2.50 2184.00 5.90 810.10
74 2.90 2128.90 6.20 864.90
75 3.40 2149.80 8.00 842.20
76 3.10 2042.10 8.50 949.40
77 2.30 2346.90 4.50 648.60
78 2.40 2566.80 4.20 429.00
79 3.50 1978.80 10.10 1011.10
80 2.90 2133.20 6.50 860.30
81 3.70 1909.20 17.50 1073.30
82 3.70 1848.90 21.30 1129.80
83 4.90 1598.80 20.80 1380.40
84 2.90 2310.80 8.20 681.00
85 5.20 1538.20 31.40 1430.40
86 5.00 1601.50 41.60 1356.90
87 4.20 1732.70 20.70 1246.60
88 6.80 1152.40 78.40 1769.20
89 6.30 1036.00 65.00 1899.00
90 8.10 1221.90 82.30 1695.80
91 6.90 1382.00 58.30 1559.70
92 7.00 1242.80 83.40 1673.80
93 8.80 836.80 154.30 2008.90
94 7.60 1252.10 162.50 1585.40
95 10.70 509.60 403.80 2086.60
96 11.60 333.80 585.10 2081.10
97 11.50 239.90 1014.10 1746.00
98 11.40 245.00 1445.30 1309.70
99 9.60 0.00 3000.00 0.00
