0 1.00 1518.90 1.00 1480.10
1 1.00 1441.50 1.00 1557.50
2 1.20 1362.30 1.20 1636.50
3 1.10 1390.70 1.10 1608.20
4 1.00 1461.50 1.00 1537.50
5 1.00 1454.40 1.00 1544.60
6 1.00 1469.00 1.00 1530.00
7 1.10 1431.40 1.10 1567.50
8 1.20 1365.80 1.20 1633.00
9 1.10 1455.10 1.10 1543.80
10 1.00 1498.70 1.00 1500.30
11 1.00 1552.50 1.00 1446.50
12 1.10 1467.40 1.10 1531.50
13 1.00 1509.20 1.00 1489.80
14 1.00 1612.60 1.00 1386.40
15 1.10 1494.10 1.10 1504.80
16 1.00 1534.50 1.00 1464.50
17 1.30 1338.30 1.40 1660.30
18 1.10 1481.30 1.10 1517.60
19 1.20 1458.60 1.20 1540.20
20 1.20 1395.90 1.30 1602.80
21 1.20 1441.20 1.30 1557.50
22 1.20 1425.50 1.20 1573.30
23 1.10 1519.80 1.10 1479.10
24 1.30 1436.20 1.60 1562.20
25 1.30 1446.30 1.50 1552.20
26 1.40 1306.70 1.70 1691.60
27 1.40 1325.70 1.60 1672.70
28 1.10 1562.60 1.10 1436.30
29 1.30 1439.50 1.40 1559.10
30 1.40 1425.70 1.40 1572.90
31 1.30 1495.80 1.30 1502.90
32 1.40 1394.20 1.80 1604.00
33 1.30 1463.00 1.30 1535.70
34 1.30 1466.20 1.30 1532.50
35 1.80 1145.80 2.10 1852.10
36 1.50 1343.40 1.60 1655.00
37 1.70 1177.50 1.80 1820.70
38 1.40 1460.50 1.60 1537.90
39 1.60 1331.20 1.90 1666.90
40 1.40 1473.00 1.40 1525.60
41 1.30 1587.40 1.40 1411.20
42 1.40 1554.50 1.40 1444.10
43 1.40 1540.10 1.40 1458.50
44 1.40 1498.90 1.60 1499.50
45 1.50 1453.40 1.60 1545.00
46 1.70 1307.50 2.00 1690.50
47 1.60 1416.00 1.70 1582.30
48 1.60 1364.10 1.90 1634.00
49 1.50 1428.50 1.90 1569.60
50 1.40 1487.40 1.90 1510.70
51 1.50 1503.60 1.70 1494.70
52 1.30 1615.30 1.80 1382.90
53 1.60 1446.20 2.20 1551.60
54 1.60 1508.60 1.80 1489.60
55 1.50 1462.10 2.10 1535.80
56 1.60 1436.10 2.10 1561.80
57 1.50 1534.00 2.20 1463.80
58 1.40 1609.60 1.90 1388.50
59 1.70 1526.40 2.40 1471.20
60 1.50 1558.10 2.10 1439.80
61 1.90 1296.10 3.60 1700.30
62 1.70 1564.80 2.20 1433.00
63 1.70 1463.10 2.70 1534.20
64 1.90 1370.60 2.90 1626.50
65 1.70 1450.40 3.60 1546.00
66 1.90 1390.50 3.20 1606.30
67 1.70 1538.30 2.90 1458.80
68 1.80 1569.70 2.80 1427.50
69 1.70 1528.40 3.40 1468.20
70 1.50 1625.00 2.70 1372.30
71 2.10 1338.20 5.10 1656.70
72 1.80 1627.40 3.90 1368.70
73 1.50 1682.50 4.30 1313.20
74 1.70 1617.70 3.80 1378.50
75 1.70 1622.80 4.00 1373.20
76 2.00 1423.00 5.40 1571.60
77 1.80 1532.00 5.30 1462.70
78 1.60 1786.90 2.50 1210.60
79 1.90 1628.20 6.00 1365.80
80 1.90 1684.20 4.90 1310.90
81 2.00 1682.70 5.40 1311.90
82 2.10 1593.50 6.60 1399.90
83 2.10 1690.10 7.20 1302.70
84 1.80 1856.10 4.00 1139.90
85 1.70 1905.70 4.80 1089.50
86 2.40 1726.90 10.20 1262.90
87 2.10 1877.10 6.30 1116.60
88 3.10 1506.30 20.60 1473.10
89 4.10 1298.60 36.20 1665.20
90 4.70 1239.30 22.40 1738.30
91 2.80 1575.80 27.00 1397.20
92 5.40 1308.60 76.40 1615.00
93 7.70 810.10 133.90 2056.00
94 5.50 1185.70 108.00 1706.30
95 8.70 638.60 288.40 2073.00
96 6.90 957.60 342.90 1699.50
97 9.40 494.00 793.70 1712.30
98 8.00 379.40 1548.40 1072.20
99 8.00 0.00 3000.00 0.00
