0 1.70 2548.30 1.90 449.80
1 1.50 2468.10 1.90 530.00
2 1.80 2468.50 3.10 528.40
3 1.90 2440.80 3.40 555.80
4 2.10 2405.50 4.20 590.30
5 2.20 2384.50 6.30 609.20
6 2.10 2359.60 5.00 635.40
7 2.30 2398.90 8.30 592.80
8 2.00 2399.10 7.00 593.90
9 2.20 2421.00 8.00 571.00
10 2.40 2366.30 7.90 625.80
11 2.20 2300.30 11.10 688.60
12 2.00 2304.60 11.80 683.60
13 2.30 2280.50 11.40 708.10
14 2.70 2370.30 10.10 619.60
15 2.40 2350.10 11.60 638.30
16 2.80 2171.30 17.60 811.10
17 2.30 2322.60 10.40 667.00
18 2.90 2171.20 19.60 809.20
19 3.10 2151.20 20.20 828.60
20 2.80 2119.80 19.50 860.70
21 2.80 2083.90 20.50 895.60
22 3.40 2156.60 24.60 818.80
23 3.10 2096.80 21.30 881.90
24 3.10 2077.50 25.30 897.20
25 3.60 2130.80 22.80 846.40
26 3.40 2081.80 26.00 892.20
27 3.50 2157.60 26.50 815.90
28 3.10 2072.30 29.90 897.80
29 5.20 1961.60 40.20 998.20
30 4.30 2105.20 30.10 864.70
31 3.70 1972.90 37.50 989.60
32 3.40 2024.00 36.70 939.30
33 5.00 1868.80 51.10 1080.10
34 4.00 2015.10 37.00 947.90
35 4.00 2087.90 35.90 876.20
36 4.90 1872.30 44.50 1083.20
37 4.40 1750.90 61.10 1188.00
38 5.00 1719.60 62.50 1217.90
39 5.00 1889.70 53.10 1057.20
40 6.40 1662.40 77.80 1259.80
41 5.70 1787.30 63.00 1149.70
42 6.20 1577.40 95.50 1327.10
43 6.10 1667.60 80.20 1252.20
44 5.90 1629.90 75.30 1294.80
45 6.50 1552.60 95.20 1352.20
46 7.40 1451.70 105.50 1442.80
47 6.50 1443.00 125.80 1431.20
48 6.40 1431.70 125.50 1442.80
49 6.90 1364.80 127.20 1508.00
50 6.80 1425.90 116.50 1457.60
51 7.80 1417.80 126.00 1456.20
52 6.00 1522.30 115.00 1362.70
53 7.60 1233.70 167.80 1598.50
54 7.40 1321.70 162.50 1515.80
55 6.60 1232.30 193.40 1574.30
56 7.80 1167.30 199.30 1633.40
57 7.50 1247.10 178.30 1574.60
58 7.80 1271.90 183.40 1544.70
59 7.80 1124.30 223.90 1651.80
60 7.40 1266.20 181.70 1552.10
61 7.40 1023.10 257.80 1719.10
62 8.60 964.80 289.40 1745.80
63 8.40 1079.70 241.80 1678.50
64 8.10 1008.20 269.90 1721.90
65 8.30 875.10 326.80 1798.10
66 8.90 949.50 308.40 1742.10
67 8.70 756.20 402.70 1841.10
68 9.30 834.40 368.70 1796.90
69 8.70 784.90 396.50 1818.60
70 9.20 769.50 423.50 1807.00
71 8.20 676.60 478.70 1844.70
72 9.30 630.50 518.20 1851.30
73 8.50 606.30 537.80 1855.90
74 9.00 565.90 590.70 1843.40
75 8.30 598.00 577.30 1824.70
76 9.60 547.90 622.90 1829.20
77 9.10 506.30 681.70 1812.00
78 9.40 513.10 685.20 1801.70
79 9.00 482.60 727.70 1789.70
80 9.10 395.60 845.20 1759.20
81 9.50 443.00 801.40 1755.60
82 9.40 373.00 951.00 1676.00
83 8.90 374.20 977.60 1648.20
84 9.10 365.10 1028.10 1606.80
85 9.10 346.00 1068.70 1585.30
86 9.50 314.90 1142.00 1543.10
87 9.40 284.90 1259.10 1456.00
88 9.20 226.40 1428.00 1345.60
89 9.10 240.60 1417.30 1342.10
90 9.00 222.20 1586.30 1191.50
91 9.10 195.80 1682.10 1122.10
92 8.50 175.10 1839.90 985.00
93 8.80 169.70 1905.80 924.50
94 8.80 147.80 2048.90 803.30
95 8.70 125.70 2250.00 624.30
96 8.80 102.10 2406.40 491.50
97 8.40 79.90 2572.80 347.30
98 8.30 61.00 2725.30 213.70
99 8.00 0.00 3000.00 0.00
