0 2 2786 2 212
0 1 2724 1 275
0 2 2510 3 487
0 1 2517 1 482
0 1 2517 1 482
0 2 2464 2 534
0 2 2500 2 498
0 2 2506 2 492
0 2 2464 3 533
0 2 2495 2 503
1 1 2521 1 478
1 2 2466 3 531
1 1 2517 1 482
1 1 2517 1 482
1 2 2517 2 481
1 2 2112 3 885
1 2 2517 2 481
1 1 2520 1 479
1 1 2517 1 482
1 2 2477 4 519
2 2 2501 3 496
2 2 2469 4 527
2 2 2485 5 510
2 2 2491 3 506
2 2 2489 3 508
2 1 2521 1 478
2 1 2517 1 482
2 2 2513 3 484
2 1 2517 1 482
2 3 2182 7 811
3 2 2487 4 509
3 2 2500 2 498
3 2 2490 3 507
3 2 2517 2 481
3 1 2517 1 482
3 2 2428 4 568
3 2 2436 5 559
3 2 2054 5 941
3 2 2474 5 521
3 2 2505 3 492
4 2 2196 6 798
4 2 2502 5 493
4 3 2073 7 920
4 2 2507 3 490
4 2 2433 6 561
4 2 2408 5 587
4 2 2502 2 496
4 2 2508 3 489
4 2 2438 3 559
4 2 2488 2 510
5 3 2335 9 656
5 2 2484 5 511
5 2 2232 4 764
5 2 2465 4 531
5 2 2470 8 522
5 2 2504 4 492
5 2 2394 8 598
5 2 2420 10 570
5 3 2435 7 558
5 2 2106 4 890
6 2 2096 8 896
6 2 2420 4 576
6 2 2517 4 479
6 2 2512 3 485
6 2 2484 5 511
6 2 2180 4 816
6 2 2485 4 511
6 3 2426 7 567
6 2 1960 8 1032
6 2 2516 3 481
7 2 2453 5 542
7 3 2420 12 568
7 4 2251 12 737
7 2 2380 8 612
7 2 2486 6 508
7 2 2365 8 627
7 2 2472 6 522
7 2 2286 11 703
7 2 2453 7 540
7 2 2423 8 569
8 2 2437 9 554
8 2 2321 8 671
8 2 2331 8 661
8 2 2528 8 464
8 2 2499 5 496
8 2 2068 8 924
8 2 2453 5 542
8 2 2410 6 584
8 2 2494 6 500
8 2 2450 7 543
9 3 2296 10 694
9 2 2362 12 626
9 2 2461 6 533
9 2 2464 3 533
9 2 2329 13 658
9 2 2490 8 502
9 2 2427 7 566
9 2 2486 8 506
9 3 2454 6 540
9 2 2441 7 552
10 3 2380 8 612
10 2 2422 6 572
10 2 2381 9 610
10 2 2455 10 535
10 3 2339 9 652
10 2 2429 8 563
10 2 2513 3 484
10 3 2192 10 798
10 3 2085 10 905
10 2 2467 6 527
11 3 2044 28 928
11 1 2517 1 482
11 2 2029 14 957
11 2 2423 9 568
11 2 2459 11 530
11 2 2130 10 860
11 2 2492 8 500
11 3 2381 11 608
11 3 2391 11 598
11 2 2137 8 855
12 2 2201 13 786
12 2 2480 10 510
12 2 2075 13 912
12 2 2489 7 504
12 2 2368 16 616
12 2 2131 16 853
12 2 2071 11 918
12 2 2387 9 604
12 2 2447 11 542
12 2 2397 12 591
13 3 2113 10 877
13 2 2436 11 553
13 2 2465 5 530
13 2 2414 12 574
13 4 2245 15 740
13 2 2427 12 561
13 2 2008 16 976
13 2 2655 8 337
13 2 1976 12 1012
13 2 2066 13 921
14 2 2430 8 562
14 2 2076 11 913
14 3 2410 12 578
14 2 2802 2 196
14 5 2061 18 921
14 3 2612 7 381
14 3 2474 8 518
14 2 2353 14 633
14 2 2367 9 624
14 3 2118 12 870
15 3 2381 15 604
15 2 2352 7 641
15 2 2371 11 618
15 2 2224 12 764
15 2 2173 13 814
15 2 2424 9 567
15 3 2363 10 627
15 2 2439 12 549
15 4 2309 15 676
15 2 2465 12 523
16 3 2021 26 953
16 2 2030 14 956
16 3 2299 15 686
16 3 2207 17 776
16 2 2452 9 539
16 3 2373 12 615
16 2 2189 12 799
16 2 2173 11 816
16 5 1660 47 1293
16 3 2309 13 678
17 2 2465 7 528
17 2 2469 7 524
17 2 2486 7 507
17 3 2035 15 950
17 3 2265 17 718
17 2 2426 9 565
17 2 2246 10 744
17 3 2328 12 660
17 2 2368 11 621
17 2 2138 9 853
18 3 2253 20 727
18 3 2198 21 781
18 2 2431 9 560
18 2 2014 14 972
18 4 1795 32 1173
18 2 2151 17 832
18 3 2347 18 635
18 3 2262 24 714
18 4 2194 21 785
18 3 2067 20 913
19 4 1951 28 1021
19 3 2351 17 632
19 4 2404 19 577
19 2 2377 13 610
19 3 1938 21 1041
19 3 1831 27 1142
19 3 1871 23 1106
19 3 2083 27 890
19 3 2423 11 566
19 3 2283 16 701
20 3 2229 16 755
20 3 1995 20 985
20 3 1996 28 976
20 2 2015 14 971
20 3 2409 9 582
20 2 2096 19 885
20 3 2363 22 615
20 4 1776 36 1188
20 2 2193 16 791
20 3 2126 15 859
21 3 1521 42 1437
21 4 1902 21 1077
21 3 2302 17 681
21 3 2090 15 895
21 3 2434 15 551
21 3 2059 24 917
21 2 2071 22 907
21 2 2190 16 794
21 2 2408 16 576
21 3 1862 17 1121
22 3 2266 18 716
22 3 2323 24 653
22 2 2414 12 574
22 3 2389 21 590
22 4 2221 27 752
22 4 2014 28 958
22 4 1636 48 1316
22 3 2328 16 656
22 5 2093 33 874
22 3 1882 19 1099
23 5 1587 33 1380
23 2 2286 15 699
23 4 2033 23 944
23 4 1685 32 1283
23 2 2374 16 610
23 2 2157 16 827
23 3 2385 12 603
23 3 2025 25 950
23 4 2171 30 799
23 2 2265 11 724
24 4 1907 24 1069
24 2 2125 15 860
24 2 2138 19 843
24 3 2288 24 688
24 4 1919 45 1036
24 4 2103 21 876
24 2 2401 17 582
24 3 2109 24 867
24 4 2179 21 800
24 3 1606 43 1351
25 3 1935 19 1046
25 4 2197 26 777
25 4 2215 17 768
25 3 1893 24 1083
25 5 1944 34 1022
25 2 2136 16 848
25 5 2044 29 927
25 4 2320 19 661
25 4 2216 27 757
25 2 2408 17 575
26 4 1673 51 1276
26 3 2119 22 859
26 3 2363 20 617
26 3 2281 16 703
26 4 1959 32 1009
26 2 2047 18 935
26 5 1996 34 970
26 3 2051 20 929
26 3 2342 19 639
26 4 1987 28 985
27 3 2325 14 661
27 3 2308 23 669
27 3 1754 33 1213
27 4 1803 34 1163
27 2 2356 18 626
27 3 2308 26 666
27 5 2047 32 921
27 3 2014 42 944
27 5 2243 25 732
27 4 2418 18 564
28 4 1921 27 1052
28 2 2337 17 646
28 3 2315 24 661
28 3 2205 25 770
28 2 1832 27 1141
28 2 2135 16 849
28 5 1648 72 1280
28 3 2420 17 563
28 3 2284 22 694
28 4 1626 52 1322
29 9 1562 67 1371
29 8 2026 48 926
29 5 2026 40 934
29 5 2092 28 880
29 4 2026 27 947
29 4 2156 21 823
29 7 1838 48 1114
29 3 1796 33 1171
29 4 1880 49 1071
29 3 2214 41 745
30 8 2106 38 856
30 3 2012 19 969
30 5 2040 35 925
30 3 2241 23 736
30 5 2201 33 766
30 3 2337 23 640
30 3 2336 21 643
30 3 1957 32 1011
30 5 2152 34 814
30 5 1670 43 1287
31 3 2257 33 710
31 5 1651 40 1309
31 5 2151 29 820
31 3 2057 21 922
31 4 1902 46 1052
31 2 2245 18 737
31 3 1930 26 1044
31 5 1383 93 1524
31 3 2277 21 702
31 4 1876 48 1076
32 3 2217 25 758
32 5 1641 48 1311
32 4 1505 83 1412
32 2 2365 20 615
32 4 2136 34 830
32 3 2229 26 745
32 4 1828 31 1141
32 4 1932 49 1019
32 2 2374 21 605
32 3 2013 30 957
33 4 2041 47 912
33 5 1910 48 1042
33 4 2157 35 808
33 7 1942 50 1008
33 4 1794 34 1172
33 6 1643 81 1276
33 7 1427 99 1474
33 4 2153 29 818
33 3 1920 29 1051
33 6 1701 59 1240
34 6 2238 33 729
34 4 2174 44 782
34 5 1974 43 983
34 5 1785 46 1169
34 4 2214 23 763
34 3 1917 40 1043
34 3 2129 36 835
34 3 2156 34 810
34 4 1634 41 1325
34 3 1930 30 1040
35 5 2171 35 794
35 4 1976 36 988
35 4 1807 37 1156
35 4 1925 40 1035
35 3 2161 33 806
35 6 2433 27 540
35 3 2137 33 830
35 5 1808 65 1127
35 3 2228 30 742
35 3 2233 23 744
36 5 2079 47 874
36 8 1981 39 980
36 6 1702 58 1240
36 4 1863 46 1091
36 4 1768 34 1198
36 8 1433 90 1477
36 5 1923 35 1042
36 3 1776 39 1185
36 3 1985 32 983
36 3 2213 25 762
37 4 1749 70 1181
37 5 2161 38 801
37 3 2212 32 756
37 6 1435 94 1471
37 4 1963 35 1002
37 4 1665 48 1287
37 4 1450 79 1471
37 5 1567 78 1355
37 4 1739 65 1196
37 5 1568 72 1360
38 6 1675 92 1233
38 5 1574 53 1373
38 7 2013 62 925
38 4 1541 81 1378
38 3 1769 31 1200
38 5 1909 47 1044
38 4 1418 78 1504
38 6 1401 92 1507
38 4 2059 37 904
38 6 1837 52 1111
39 3 1937 36 1027
39 5 1401 95 1504
39 6 2148 28 824
39 5 1610 49 1341
39 6 1797 71 1132
39 6 2085 41 874
39 5 1617 92 1291
39 5 2284 41 675
39 4 1971 37 992
39 5 2047 41 912
40 10 1756 70 1174
40 7 1790 78 1132
40 6 1512 87 1401
40 6 1655 101 1244
40 6 1425 105 1470
40 5 1466 75 1459
40 5 1948 54 998
40 6 1895 54 1051
40 8 1338 99 1563
40 5 1839 55 1106
41 9 1593 86 1321
41 6 1633 37 1330
41 6 1922 60 1018
41 5 1711 88 1201
41 4 1743 56 1201
41 7 1674 99 1227
41 4 2149 41 810
41 7 2035 50 915
41 4 1912 39 1049
41 5 1501 74 1425
42 11 1700 80 1220
42 5 1628 95 1277
42 6 1233 119 1648
42 6 1332 132 1536
42 4 1802 57 1141
42 6 1440 112 1448
42 6 1944 59 997
42 6 1616 102 1282
42 5 1664 93 1243
42 7 1415 106 1479
43 5 1546 109 1345
43 5 1780 59 1161
43 7 1834 79 1087
43 8 1441 127 1432
43 7 1663 90 1247
43 7 2261 38 701
43 4 1634 51 1315
43 7 1485 73 1442
43 6 1137 135 1728
43 5 1895 41 1064
44 4 1776 50 1174
44 6 1210 120 1670
44 6 1469 80 1451
44 5 1465 100 1435
44 10 1737 74 1189
44 6 1707 45 1248
44 6 1607 92 1301
44 4 1892 48 1060
44 5 1410 86 1504
44 7 2026 58 916
45 6 1582 82 1336
45 7 1398 153 1449
45 6 1752 58 1190
45 5 1794 63 1143
45 5 1693 62 1245
45 7 1254 119 1627
45 7 1784 73 1143
45 8 1129 171 1700
45 7 1419 75 1506
45 7 1721 96 1183
46 8 1572 89 1339
46 7 1312 93 1595
46 5 1903 51 1046
46 5 1552 77 1371
46 7 1525 81 1394
46 7 1617 84 1299
46 6 1084 142 1774
46 7 1281 134 1585
46 7 1202 177 1621
46 15 1469 127 1404
47 7 1431 111 1458
47 7 806 234 1960
47 7 1326 147 1527
47 6 1171 157 1672
47 8 1839 67 1094
47 5 1432 102 1466
47 8 1526 119 1355
47 4 2415 41 544
47 6 1240 135 1625
47 7 1244 145 1611
48 6 1138 146 1716
48 8 1256 173 1571
48 5 1334 125 1541
48 6 1904 69 1027
48 8 1152 166 1682
48 9 1732 86 1182
48 5 1508 111 1381
48 4 1706 52 1242
48 7 1255 176 1569
48 6 1332 151 1517
49 6 1499 101 1400
49 12 1782 73 1145
49 7 1445 128 1427
49 6 1047 160 1793
49 8 1308 136 1556
49 6 1649 73 1278
49 7 1198 153 1649
49 6 896 240 1864
49 5 1785 44 1171
49 6 1039 164 1797
50 6 1468 89 1443
50 5 1656 64 1280
50 8 1129 144 1727
50 7 1274 121 1605
50 11 1583 115 1302
50 6 1263 121 1616
50 7 1251 140 1609
50 6 1193 193 1614
50 5 1859 79 1062
50 7 1583 99 1318
51 9 1481 116 1403
51 9 1161 166 1673
51 8 1807 79 1114
51 7 1706 77 1217
51 8 1029 205 1766
51 7 1599 80 1321
51 7 1327 174 1499
51 8 1456 138 1406
51 9 1240 128 1632
51 6 1372 97 1531
52 9 1711 85 1204
52 7 1025 187 1788
52 7 1902 74 1024
52 5 1351 138 1511
52 4 1708 71 1221
52 5 1759 67 1174
52 4 1676 81 1243
52 5 1344 135 1521
52 6 907 225 1868
52 8 1840 87 1073
53 8 1174 214 1612
53 7 1168 164 1668
53 8 873 254 1873
53 8 1102 191 1707
53 7 933 224 1843
53 8 1427 99 1474
53 7 1028 203 1769
53 8 1557 122 1321
53 9 1423 119 1458
53 6 1652 88 1260
54 8 1592 137 1271
54 12 1298 142 1560
54 6 840 256 1904
54 7 1140 175 1685
54 6 1330 186 1484
54 7 1114 172 1714
54 9 1830 82 1088
54 6 1369 169 1462
54 7 1129 172 1699
54 6 1575 134 1291
55 7 980 225 1795
55 7 1350 176 1474
55 5 1038 245 1717
55 7 1575 119 1306
55 6 1358 179 1463
55 7 847 275 1878
55 8 1092 215 1693
55 7 1021 231 1748
55 4 1886 51 1063
55 8 1176 218 1606
56 9 1193 168 1639
56 9 1003 224 1773
56 7 991 250 1759
56 9 1284 178 1538
56 7 895 262 1843
56 6 1119 191 1690
56 8 1145 202 1653
56 7 1641 130 1229
56 8 1306 180 1514
56 8 1096 208 1696
57 7 848 279 1873
57 7 1488 145 1367
57 10 969 226 1805
57 7 1125 193 1682
57 8 1256 184 1560
57 7 1036 226 1738
57 8 1426 106 1468
57 7 1408 135 1457
57 6 1697 89 1214
57 8 1218 200 1582
58 8 1479 115 1406
58 7 1381 103 1516
58 7 1115 241 1644
58 6 1259 205 1536
58 8 1524 145 1331
58 7 986 298 1716
58 7 1379 171 1450
58 10 1098 208 1694
58 9 1433 125 1442
58 9 1065 223 1712
59 7 1375 172 1453
59 7 844 291 1865
59 8 952 287 1761
59 9 1520 101 1379
59 10 1107 204 1689
59 6 1384 139 1477
59 7 908 311 1781
59 8 995 297 1708
59 8 860 283 1857
59 8 1298 154 1548
60 8 1302 200 1498
60 7 1266 207 1527
60 8 1249 189 1562
60 8 1789 92 1119
60 10 1244 148 1608
60 5 1360 119 1521
60 7 957 215 1828
60 7 1170 224 1606
60 8 1021 277 1702
60 6 1304 146 1550
61 8 1145 238 1617
61 7 1132 280 1588
61 7 712 399 1889
61 7 836 337 1827
61 7 1043 235 1722
61 9 888 264 1848
61 7 1099 185 1716
61 9 1302 151 1547
61 6 890 292 1818
61 7 1184 197 1619
62 8 1054 255 1691
62 8 1067 254 1679
62 7 710 382 1908
62 7 1245 234 1521
62 10 909 287 1804
62 11 915 274 1811
62 10 1009 226 1765
62 9 1054 278 1668
62 9 1104 232 1664
62 7 581 472 1947
63 8 1739 116 1145
63 7 788 309 1903
63 10 957 284 1759
63 9 1215 176 1609
63 9 1233 143 1624
63 8 1196 225 1579
63 9 1129 240 1631
63 7 725 338 1937
63 10 1101 220 1679
63 7 714 367 1919
64 8 928 329 1743
64 8 1017 256 1727
64 8 1033 253 1714
64 9 1288 233 1479
64 9 853 330 1817
64 8 1267 141 1592
64 9 571 428 2001
64 7 1126 225 1649
64 8 915 287 1798
64 7 1084 217 1699
65 5 1516 89 1395
65 10 752 330 1918
65 8 793 330 1877
65 9 773 367 1860
65 8 852 367 1781
65 7 767 368 1865
65 8 770 374 1856
65 7 619 453 1928
65 9 1079 270 1651
65 12 830 320 1850
66 10 1184 230 1586
66 9 1131 220 1649
66 7 918 302 1780
66 9 1030 310 1660
66 8 933 281 1786
66 10 811 398 1791
66 7 986 297 1717
66 8 811 363 1826
66 12 765 404 1831
66 9 926 279 1795
67 7 550 499 1951
67 7 690 455 1855
67 12 1005 297 1698
67 9 648 411 1941
67 7 1003 322 1675
67 7 857 347 1796
67 10 546 489 1965
67 9 631 486 1883
67 8 674 393 1933
67 11 958 328 1714
68 7 752 363 1885
68 11 1042 274 1684
68 8 669 491 1840
68 7 617 460 1923
68 11 1085 209 1706
68 10 654 485 1861
68 12 1170 195 1635
68 8 743 385 1872
68 7 1013 348 1639
68 12 599 477 1924
69 11 601 502 1897
69 9 1035 318 1647
69 8 687 399 1914
69 9 702 482 1816
69 9 1061 301 1638
69 8 557 475 1968
69 11 915 338 1747
69 8 825 349 1826
69 7 674 401 1925
69 7 792 400 1808
70 8 636 492 1872
70 9 731 465 1804
70 12 1086 294 1620
70 10 661 478 1861
70 9 1041 229 1730
70 9 732 423 1845
70 8 884 380 1736
70 9 750 396 1854
70 10 601 506 1893
70 8 573 572 1855
71 8 621 543 1836
71 8 671 474 1855
71 8 536 510 1954
71 7 708 500 1792
71 9 605 495 1900
71 9 948 346 1706
71 10 815 427 1758
71 8 488 639 1873
71 8 666 430 1904
71 7 708 423 1869
72 9 499 621 1880
72 10 855 363 1782
72 7 436 685 1879
72 10 648 512 1840
72 8 843 468 1689
72 10 582 506 1912
72 9 558 516 1926
72 9 792 411 1797
72 9 593 529 1878
72 12 499 571 1930
73 9 574 566 1860
73 8 717 474 1809
73 10 655 446 1899
73 8 515 597 1888
73 7 570 544 1886
73 9 529 528 1943
73 9 866 390 1744
73 9 619 588 1793
73 8 497 647 1856
73 8 521 598 1881
74 8 718 574 1708
74 9 569 599 1832
74 9 553 580 1867
74 9 445 678 1877
74 9 600 595 1805
74 9 669 471 1860
74 9 526 589 1885
74 9 432 640 1928
74 9 584 602 1814
74 10 563 579 1858
75 10 623 475 1902
75 9 562 613 1825
75 8 731 461 1808
75 9 703 529 1768
75 8 511 645 1844
75 7 560 585 1855
75 8 390 825 1785
75 8 622 598 1780
75 8 551 582 1867
75 8 727 460 1813
76 9 622 553 1825
76 11 595 594 1811
76 8 502 673 1825
76 13 634 511 1855
76 8 446 715 1839
76 12 688 491 1821
76 9 440 678 1882
76 10 660 514 1826
76 7 412 759 1829
76 9 480 741 1779
77 10 551 565 1884
77 10 642 578 1780
77 10 436 727 1837
77 8 479 670 1851
77 9 759 486 1755
77 10 368 869 1763
77 10 582 621 1797
77 9 451 716 1833
77 7 356 822 1822
77 8 439 763 1798
78 9 716 492 1792
78 8 412 769 1819
78 9 344 847 1809
78 10 591 593 1816
78 11 480 720 1800
78 9 589 597 1814
78 8 368 856 1776
78 10 570 632 1798
78 9 562 605 1833
78 11 499 741 1760
79 8 455 743 1802
79 8 420 844 1736
79 9 466 691 1843
79 9 505 652 1843
79 10 476 718 1806
79 10 526 662 1812
79 8 503 766 1731
79 9 519 727 1754
79 8 368 874 1758
79 11 588 600 1812
80 9 314 1038 1648
80 9 341 916 1743
80 9 428 770 1802
80 10 479 658 1863
80 9 346 878 1776
80 9 348 885 1767
80 10 355 864 1781
80 8 352 1008 1640
80 9 433 787 1780
80 9 560 648 1792
81 10 363 887 1750
81 8 423 815 1762
81 8 594 668 1738
81 8 289 1027 1684
81 12 460 749 1791
81 8 402 929 1669
81 12 541 642 1817
81 10 391 813 1796
81 9 482 765 1753
81 10 485 719 1796
82 11 409 887 1704
82 9 529 718 1753
82 9 311 1050 1639
82 9 309 1071 1620
82 9 239 1139 1622
82 10 548 692 1760
82 8 356 1018 1626
82 9 343 936 1721
82 10 399 899 1702
82 10 287 1100 1613
83 9 520 834 1646
83 8 348 991 1661
83 7 287 1217 1496
83 10 544 702 1754
83 11 327 1016 1657
83 8 319 1089 1592
83 9 402 903 1695
83 8 380 984 1636
83 9 255 1130 1615
83 10 360 910 1730
84 9 405 982 1613
84 11 394 917 1689
84 10 445 930 1625
84 9 360 1021 1619
84 9 330 1080 1590
84 9 302 1089 1609
84 7 294 1182 1524
84 8 229 1228 1543
84 9 288 1115 1597
84 10 604 737 1659
85 8 413 993 1594
85 8 441 945 1614
85 9 424 895 1681
85 9 394 1017 1589
85 12 376 973 1651
85 10 241 1248 1511
85 10 300 1106 1594
85 8 221 1331 1448
85 9 375 1009 1616
85 8 275 1170 1555
86 9 223 1338 1439
86 10 405 978 1617
86 8 276 1285 1439
86 8 289 1239 1472
86 10 280 1148 1572
86 8 308 1236 1456
86 10 298 1160 1542
86 10 406 1000 1594
86 9 353 972 1675
86 13 311 1064 1625
87 10 313 1130 1557
87 10 154 1502 1344
87 12 397 987 1616
87 9 276 1271 1453
87 9 312 1175 1513
87 8 344 1217 1439
87 8 278 1325 1397
87 8 215 1409 1376
87 11 380 1094 1526
87 9 180 1481 1339
88 8 202 1520 1278
88 9 199 1509 1292
88 8 251 1389 1360
88 9 217 1468 1315
88 9 184 1470 1346
88 9 235 1434 1331
88 8 212 1563 1225
88 10 279 1319 1402
88 12 260 1179 1561
88 10 225 1429 1346
89 8 251 1453 1296
89 9 228 1413 1359
89 8 225 1456 1319
89 10 243 1379 1378
89 8 192 1617 1191
89 8 145 1654 1201
89 10 336 1166 1498
89 9 287 1353 1360
89 10 281 1272 1447
89 11 218 1410 1372
90 10 197 1541 1262
90 8 235 1589 1176
90 10 207 1590 1203
90 8 211 1675 1114
90 10 287 1403 1310
90 8 174 1758 1068
90 8 239 1535 1226
90 11 304 1368 1328
90 9 192 1629 1179
90 8 176 1775 1049
91 12 201 1584 1215
91 9 133 1771 1096
91 8 179 1855 966
91 8 131 1917 952
91 9 182 1701 1117
91 10 160 1687 1153
91 9 212 1638 1150
91 9 243 1547 1210
91 8 226 1697 1077
91 9 291 1424 1285
92 8 164 1870 966
92 9 159 1819 1022
92 8 186 1883 931
92 9 119 1928 953
92 9 209 1675 1116
92 8 251 1743 1006
92 8 130 1980 890
92 8 205 1766 1029
92 9 136 1987 877
92 9 192 1748 1060
93 9 163 1872 965
93 9 228 1790 982
93 8 199 1878 923
93 9 134 2046 820
93 9 197 1810 993
93 9 138 1979 883
93 8 176 1870 954
93 8 173 1940 887
93 10 135 1903 962
93 9 154 1970 876
94 9 289 1733 978
94 9 130 2126 744
94 8 72 2277 651
94 8 85 2273 642
94 8 164 2057 779
94 9 113 2114 773
94 12 133 1981 886
94 7 178 1995 827
94 8 147 2055 798
94 10 167 1878 955
95 8 88 2390 522
95 9 180 2081 739
95 8 113 2266 621
95 8 104 2334 562
95 9 113 2302 585
95 9 148 2135 717
95 8 128 2323 549
95 10 103 2280 617
95 9 118 2254 628
95 9 162 2135 703
96 8 66 2596 338
96 8 122 2389 489
96 10 116 2273 611
96 9 135 2345 520
96 8 71 2514 415
96 9 73 2500 427
96 11 124 2259 617
96 9 123 2306 571
96 8 74 2570 356
96 8 117 2312 571
97 8 82 2575 343
97 9 117 2485 398
97 9 85 2539 376
97 8 70 2614 316
97 8 45 2658 297
97 9 96 2466 438
97 8 77 2616 307
97 9 63 2610 327
97 8 50 2710 240
97 8 114 2455 431
98 8 57 2744 199
98 8 115 2595 290
98 8 36 2839 125
98 9 36 2807 157
98 9 72 2666 262
98 8 47 2807 146
98 8 52 2721 227
98 8 68 2695 237
98 8 59 2726 215
98 9 68 2653 279
99 8 0 3000 0
99 8 0 3000 0
99 8 0 3000 0
99 8 0 3000 0
99 8 0 3000 0
99 8 0 3000 0
99 8 0 3000 0
99 8 0 3000 0
99 8 0 3000 0
99 8 0 3000 0
