0 1.80 2997.80 2.20 0.00
1 1.70 2997.90 2.10 0.00
2 2.00 2996.80 3.20 0.00
3 2.50 2994.60 5.40 0.00
4 2.70 2993.80 6.20 0.00
5 3.00 2993.60 6.40 0.00
6 3.30 2989.80 10.20 0.00
7 3.50 2985.40 14.60 0.00
8 3.90 2982.20 17.80 0.00
9 4.90 2978.80 21.20 0.00
10 4.20 2974.50 25.50 0.00
11 5.40 2970.70 29.30 0.00
12 5.00 2967.80 32.20 0.00
13 7.10 2947.50 52.50 0.00
14 7.10 2950.30 49.70 0.00
15 7.60 2951.30 48.70 0.00
16 10.50 2902.20 97.80 0.00
17 8.50 2905.50 94.50 0.00
18 13.40 2813.10 186.90 0.00
19 12.30 2809.70 190.30 0.00
20 12.50 2810.10 189.90 0.00
21 15.00 2709.10 290.90 0.00
22 19.50 2576.10 423.90 0.00
23 15.00 2651.40 348.60 0.00
24 13.90 2545.00 455.00 0.00
25 18.30 2448.20 551.80 0.00
26 19.30 2404.40 595.60 0.00
27 17.50 2338.30 661.70 0.00
28 16.90 2279.80 720.20 0.00
29 16.80 2253.30 746.70 0.00
30 18.20 2135.40 864.60 0.00
31 18.40 2105.90 894.10 0.00
32 16.10 2035.20 964.80 0.00
33 15.80 1985.60 1014.40 0.00
34 16.60 1942.60 1057.40 0.00
35 16.50 1869.40 1130.60 0.00
36 17.40 1822.20 1177.80 0.00
37 15.40 1774.50 1225.50 0.00
38 14.30 1700.40 1299.60 0.00
39 14.80 1661.50 1338.50 0.00
40 15.50 1653.90 1346.10 0.00
41 14.80 1564.10 1435.90 0.00
42 13.30 1531.40 1468.60 0.00
43 15.60 1459.20 1540.80 0.00
44 14.30 1418.90 1581.10 0.00
45 15.10 1399.60 1600.40 0.00
46 14.60 1366.10 1633.90 0.00
47 14.00 1288.50 1711.50 0.00
48 14.10 1246.10 1753.90 0.00
49 13.40 1209.10 1790.90 0.00
50 13.00 1176.20 1823.80 0.00
51 14.10 1128.70 1871.30 0.00
52 13.80 1071.30 1928.70 0.00
53 13.10 1038.30 1961.70 0.00
54 12.60 988.80 2011.20 0.00
55 12.50 952.50 2047.50 0.00
56 12.50 930.00 2070.00 0.00
57 12.20 893.50 2106.50 0.00
58 11.90 847.60 2152.40 0.00
59 12.50 831.90 2168.10 0.00
60 11.80 797.70 2202.30 0.00
61 12.10 760.70 2239.30 0.00
62 11.80 728.50 2271.50 0.00
63 11.20 695.90 2304.10 0.00
64 10.90 666.70 2333.30 0.00
65 11.20 642.00 2358.00 0.00
66 11.50 633.60 2366.40 0.00
67 11.40 593.80 2406.20 0.00
68 10.40 553.80 2446.20 0.00
69 11.10 531.70 2468.30 0.00
70 10.90 527.30 2472.70 0.00
71 10.80 475.00 2525.00 0.00
72 10.30 470.20 2529.80 0.00
73 10.20 438.10 2561.90 0.00
74 10.00 421.80 2578.20 0.00
75 9.70 400.40 2599.60 0.00
76 10.10 372.90 2627.10 0.00
77 10.10 366.40 2633.60 0.00
78 10.60 327.00 2673.00 0.00
79 9.30 303.40 2696.60 0.00
80 9.90 299.10 2700.90 0.00
81 9.90 267.60 2732.40 0.00
82 9.40 253.40 2746.60 0.00
83 9.40 237.70 2762.30 0.00
84 9.70 220.90 2779.10 0.00
85 8.60 200.90 2799.10 0.00
86 9.00 187.00 2813.00 0.00
87 9.00 169.20 2830.80 0.00
88 8.70 145.60 2854.40 0.00
89 8.90 133.00 2867.00 0.00
90 8.60 126.60 2873.40 0.00
91 8.90 107.10 2892.90 0.00
92 8.40 92.30 2907.70 0.00
93 8.10 75.60 2924.40 0.00
94 8.30 64.40 2935.60 0.00
95 8.20 53.50 2946.50 0.00
96 8.10 36.80 2963.20 0.00
97 8.20 26.50 2973.50 0.00
98 8.00 13.90 2986.10 0.00
99 8.10 0.00 3000.00 0.00
