0 2 2957 2 41
0 1 2957 1 42
0 2 2921 3 76
0 1 2922 1 77
0 2 2922 2 76
0 2 2903 3 94
0 1 2922 1 77
0 4 2813 5 182
0 2 2915 3 82
0 1 2922 1 77
1 2 2919 2 79
1 2 2922 2 76
1 2 2908 4 88
1 2 2922 2 76
1 1 2922 1 77
1 3 2903 4 93
1 2 2915 3 82
1 2 2922 3 75
1 2 2919 2 79
1 2 2902 3 95
2 2 2917 3 80
2 2 2918 3 79
2 2 2912 2 86
2 3 2911 7 82
2 3 2913 5 82
2 1 2922 1 77
2 2 2919 3 78
2 2 2906 5 89
2 2 2905 3 92
2 2 2921 3 76
3 2 2920 3 77
3 2 2918 6 76
3 2 2919 3 78
3 4 2884 9 107
3 2 2921 2 77
3 2 2919 2 79
3 4 2867 12 121
3 3 2907 6 87
3 4 2734 14 252
3 2 2926 3 71
4 3 2794 7 199
4 2 2899 10 91
4 2 2916 6 78
4 2 2917 3 80
4 3 2819 12 169
4 3 2813 11 176
4 2 2914 3 83
4 4 2883 11 106
4 2 2905 6 89
4 2 2910 5 85
5 2 2914 5 81
5 3 2900 7 93
5 2 2905 7 88
5 4 2876 10 114
5 2 2913 4 83
5 2 2921 3 76
5 3 2911 7 82
5 3 2903 8 89
5 2 2910 8 82
5 2 2896 9 95
6 3 2891 8 101
6 3 2806 15 179
6 4 2873 17 110
6 3 2880 11 109
6 2 2912 5 83
6 3 2891 8 101
6 3 2888 11 101
6 3 2851 11 138
6 4 2880 9 111
6 3 2882 8 110
7 2 2915 6 79
7 4 2887 10 103
7 5 2826 23 151
7 5 2895 9 96
7 2 2913 6 81
7 3 2909 6 85
7 4 2860 15 125
7 3 2894 8 98
7 2 2905 4 91
7 3 2891 10 99
8 3 2865 13 122
8 2 2921 2 77
8 2 2916 3 81
8 3 2876 7 117
8 6 2861 18 121
8 2 2918 5 77
8 5 2782 24 194
8 4 2884 13 103
8 3 2918 7 75
8 2 2967 2 31
9 7 2779 31 190
9 4 2774 23 203
9 3 2898 6 96
9 5 2876 16 108
9 2 2906 8 86
9 6 2664 45 291
9 4 2736 26 238
9 4 2754 25 221
9 3 2895 11 94
9 3 2886 11 103
10 4 2792 18 190
10 4 2900 12 88
10 4 2893 11 96
10 2 2951 7 42
10 7 2666 38 296
10 4 2743 25 232
10 2 2909 10 81
10 3 2907 9 84
10 3 2897 8 95
10 3 2904 11 85
11 2 2962 4 34
11 3 2890 13 97
11 4 2840 17 143
11 6 2671 44 285
11 7 2691 36 273
11 4 2813 21 166
11 5 2857 16 127
11 3 2867 14 119
11 3 2900 9 91
11 4 2864 14 122
12 4 2828 21 151
12 5 2809 34 157
12 4 2752 32 216
12 4 2862 19 119
12 6 2811 32 157
12 4 2871 21 108
12 5 2840 25 135
12 5 2614 57 329
12 3 2894 11 95
12 3 2898 18 84
13 3 2911 8 81
13 8 2494 86 420
13 8 2823 30 147
13 3 2877 19 104
13 9 2644 56 300
13 7 2771 34 195
13 7 2844 20 136
13 6 2670 49 281
13 4 2864 25 111
13 6 2746 34 220
14 7 2505 79 416
14 8 2697 45 258
14 6 2804 29 167
14 4 2862 15 123
14 2 2919 4 77
14 4 2873 15 112
14 10 2571 80 349
14 4 2888 17 95
14 8 2604 70 326
14 5 2785 28 187
15 6 2751 44 205
15 7 2646 71 283
15 6 2581 61 358
15 3 2897 12 91
15 3 2911 7 82
15 6 2657 53 290
15 8 2590 67 343
15 8 2689 46 265
15 6 2722 49 229
15 6 2431 88 481
16 10 2556 75 369
16 10 2390 109 501
16 5 2675 48 277
16 6 2665 60 275
16 4 2758 42 200
16 6 2685 51 264
16 5 2794 37 169
16 7 2522 87 391
16 7 2671 59 270
16 5 2806 35 159
17 8 2619 75 306
17 7 2506 85 409
17 7 2711 49 240
17 6 2721 48 231
17 6 2608 81 311
17 5 2858 21 121
17 4 2873 18 109
17 5 2804 41 155
17 7 2742 39 219
17 6 2870 20 110
18 5 2830 30 140
18 7 2413 117 470
18 10 2571 72 357
18 3 2885 18 97
18 12 2516 96 388
18 10 2452 118 430
18 8 2580 74 346
18 14 2375 122 503
18 8 2782 47 171
18 5 2816 31 153
19 5 2845 32 123
19 9 2559 110 331
19 9 2278 172 550
19 5 2587 89 324
19 4 2862 21 117
19 5 2836 32 132
19 12 2703 67 230
19 6 2456 95 449
19 8 2463 112 425
19 5 2811 40 149
20 10 2348 154 498
20 9 2466 104 430
20 6 2701 55 244
20 5 2866 26 108
20 9 2170 193 637
20 8 2443 114 443
20 9 2747 61 192
20 8 2699 61 240
20 11 2561 84 355
20 8 2573 89 338
21 7 2759 47 194
21 6 2827 39 134
21 9 2463 136 401
21 4 2885 21 94
21 7 2540 97 363
21 7 2709 58 233
21 7 2647 76 277
21 14 2385 154 461
21 7 2652 76 272
21 13 2418 124 458
22 11 2340 142 518
22 10 2553 97 350
22 9 2710 57 233
22 12 2393 143 464
22 8 2400 147 453
22 8 2719 66 215
22 8 2400 140 460
22 9 2539 112 349
22 9 2486 133 381
22 12 2312 171 517
23 10 2569 101 330
23 9 2445 131 424
23 11 2531 115 354
23 7 2469 118 413
23 8 2611 104 285
23 9 2546 119 335
23 11 2191 204 605
23 11 2530 109 361
23 9 2505 128 367
23 6 2557 100 343
24 9 2079 228 693
24 8 2346 180 474
24 8 2153 205 642
24 11 2137 242 621
24 6 2773 52 175
24 8 2486 110 404
24 9 2305 191 504
24 12 2302 187 511
24 7 2375 159 466
24 6 2771 55 174
25 12 2188 225 587
25 7 2680 74 246
25 11 2048 256 696
25 8 2619 83 298
25 7 2676 68 256
25 10 2280 190 530
25 8 1995 276 729
25 15 2552 107 341
25 9 2309 190 501
25 8 2443 144 413
26 14 2287 196 517
26 14 2162 221 617
26 21 2334 199 467
26 8 1981 288 731
26 12 2181 233 586
26 8 2594 99 307
26 18 2052 266 682
26 9 2304 208 488
26 12 2069 256 675
26 10 2572 103 325
27 11 2387 164 449
27 13 2417 150 433
27 11 2105 277 618
27 10 2231 225 544
27 8 2392 159 449
27 11 1837 318 845
27 13 2254 218 528
27 9 2020 301 679
27 15 2148 248 604
27 11 2006 289 705
28 13 2110 265 625
28 12 2415 169 416
28 11 2248 221 531
28 10 2321 198 481
28 11 1954 310 736
28 12 2210 246 544
28 14 2324 196 480
28 12 1988 312 700
28 11 2200 241 559
28 13 2085 262 653
29 13 2340 202 458
29 11 1735 413 852
29 13 2015 308 677
29 13 2132 270 598
29 11 1791 382 827
29 15 1964 320 716
29 11 2034 291 675
29 16 1640 428 932
29 16 2344 180 476
29 14 2158 264 578
30 12 1807 382 811
30 11 1752 394 854
30 10 1931 342 727
30 29 2167 243 590
30 10 1915 337 748
30 10 2076 278 646
30 10 1911 359 730
30 10 2127 264 609
30 14 1909 353 738
30 9 2333 197 470
31 12 1891 349 760
31 9 1945 333 722
31 13 2153 261 586
31 10 2304 194 502
31 11 2034 315 651
31 11 1784 396 820
31 13 2114 275 611
31 12 2193 253 554
31 15 2087 282 631
31 10 1888 371 741
32 9 2242 230 528
32 14 1970 336 694
32 14 2191 242 567
32 13 1925 367 708
32 11 2014 305 681
32 14 1987 336 677
32 11 2168 277 555
32 12 2010 325 665
32 13 1997 342 661
32 13 1890 396 714
33 13 1995 327 678
33 20 2121 292 587
33 12 2113 293 594
33 11 1716 445 839
33 17 1994 334 672
33 11 1776 408 816
33 12 1854 394 752
33 13 1544 527 929
33 12 1869 397 734
33 12 1854 385 761
34 14 1854 391 755
34 12 1799 411 790
34 11 1774 427 799
34 15 1905 375 720
34 12 2090 319 591
34 11 2243 248 509
34 25 2118 311 571
34 11 1966 379 655
34 12 1732 438 830
34 13 2164 284 552
35 13 1987 368 645
35 12 1732 468 800
35 11 1850 420 730
35 10 1831 402 767
35 11 2200 299 501
35 13 1702 456 842
35 14 2263 233 504
35 12 1811 429 760
35 10 1671 487 842
35 13 1695 487 818
36 12 1982 374 644
36 10 1654 502 844
36 13 1671 491 838
36 13 1675 500 825
36 15 1810 440 750
36 16 1531 558 911
36 18 1953 390 657
36 11 1761 468 771
36 14 1944 377 679
36 13 1699 481 820
37 13 1836 452 712
37 15 1832 437 731
37 10 1496 579 925
37 11 1888 424 688
37 12 1694 501 805
37 18 1705 524 771
37 10 1645 522 833
37 13 1937 407 656
37 11 1759 464 777
37 11 1538 577 885
38 12 1668 522 810
38 11 1559 553 888
38 8 1515 577 908
38 14 1820 451 729
38 10 1690 513 797
38 12 1610 536 854
38 14 1707 495 798
38 12 1576 571 853
38 12 1523 589 888
38 15 1660 535 805
39 11 1530 590 880
39 11 1583 564 853
39 16 1836 467 697
39 12 1775 472 753
39 12 1531 604 865
39 11 1726 491 783
39 9 1305 663 1032
39 15 1902 444 654
39 16 1690 499 811
39 11 1271 745 984
40 13 1889 470 641
40 12 1474 648 878
40 17 1907 446 647
40 13 1704 534 762
40 11 1412 704 884
40 12 1852 457 691
40 10 1441 657 902
40 10 1426 651 923
40 16 1848 473 679
40 11 1471 635 894
41 12 1363 677 960
41 11 1616 593 791
41 17 1485 651 864
41 9 1337 685 978
41 12 1474 661 865
41 16 1546 622 832
41 14 1292 753 955
41 22 1548 637 815
41 13 1616 577 807
41 11 1418 667 915
42 11 1461 662 877
42 13 1395 695 910
42 11 1272 765 963
42 10 1475 651 874
42 13 1466 645 889
42 13 1620 561 819
42 12 1589 638 773
42 12 1488 640 872
42 13 1502 625 873
42 11 1192 793 1015
43 15 1739 547 714
43 16 1717 562 721
43 14 1456 675 869
43 15 1414 696 890
43 13 1532 634 834
43 11 1390 732 878
43 10 1492 630 878
43 13 1580 614 806
43 11 1409 722 869
43 13 1399 726 875
44 12 1224 803 973
44 12 1358 741 901
44 14 1384 730 886
44 13 1568 638 794
44 12 1357 772 871
44 11 1387 758 855
44 10 1174 854 972
44 14 1218 822 960
44 12 1377 717 906
44 12 1312 746 942
45 10 1374 735 891
45 11 1267 784 949
45 12 1174 883 943
45 9 1390 737 873
45 12 1523 709 768
45 18 1504 678 818
45 11 1252 820 928
45 15 1383 755 862
45 13 1230 811 959
45 17 1202 862 936
46 9 1059 924 1017
46 10 1146 909 945
46 14 1354 775 871
46 13 1214 848 938
46 12 1212 831 957
46 11 1118 918 964
46 14 1416 719 865
46 10 1200 855 945
46 11 1143 856 1001
46 10 1122 909 969
47 15 1393 744 863
47 14 1301 793 906
47 11 1188 890 922
47 12 1409 749 842
47 9 1073 973 954
47 13 1355 779 866
47 12 1395 745 860
47 14 1419 754 827
47 11 1310 781 909
47 13 1110 916 974
48 13 1396 749 855
48 10 1175 906 919
48 15 1429 752 819
48 9 1048 947 1005
48 17 1388 765 847
48 12 1244 847 909
48 13 1296 838 866
48 12 1116 931 953
48 12 1329 783 888
48 17 1506 701 793
49 19 1398 806 796
49 13 1172 942 886
49 13 1243 877 880
49 12 1139 928 933
49 14 1132 947 921
49 13 1192 913 895
49 11 1106 971 923
49 12 969 1023 1008
49 13 1202 904 894
49 11 1062 994 944
50 10 1411 767 822
50 10 1022 1003 975
50 10 1133 987 880
50 11 1260 858 882
50 13 1068 982 950
50 12 1201 927 872
50 11 1112 967 921
50 16 1257 892 851
50 13 1210 897 893
50 9 1294 863 843
51 18 1279 879 842
51 12 1158 953 889
51 13 1185 950 865
51 11 1105 1010 885
51 9 1026 1023 951
51 12 1148 995 857
51 12 1080 995 925
51 14 1131 1005 864
51 11 996 1071 933
51 12 1431 787 782
52 10 866 1142 992
52 10 954 1123 923
52 11 1037 1024 939
52 12 1118 987 895
52 12 1255 900 845
52 11 1120 976 904
52 10 1044 1042 914
52 14 1188 967 845
52 12 1139 1014 847
52 11 1074 1031 895
53 13 948 1120 932
53 9 971 1105 924
53 10 1156 993 851
53 12 937 1078 985
53 10 832 1206 962
53 12 955 1116 929
53 14 1199 970 831
53 10 1019 1078 903
53 11 1013 1033 954
53 14 1085 1042 873
54 14 1087 1060 853
54 12 1065 1092 843
54 10 957 1116 927
54 8 884 1166 950
54 14 976 1124 900
54 11 1057 1018 925
54 10 853 1188 959
54 13 1056 1009 935
54 12 929 1130 941
54 13 1022 1115 863
55 9 810 1240 950
55 12 938 1176 886
55 10 1001 1113 886
55 12 1021 1075 904
55 10 1013 1082 905
55 12 877 1246 877
55 11 962 1162 876
55 11 797 1249 954
55 14 922 1159 919
55 11 1044 1119 837
56 12 1011 1137 852
56 12 949 1159 892
56 10 941 1162 897
56 10 885 1208 907
56 10 825 1246 929
56 11 902 1176 922
56 13 949 1147 904
56 11 819 1234 947
56 11 846 1207 947
56 11 841 1252 907
57 11 826 1292 882
57 12 837 1257 906
57 9 879 1209 912
57 14 1087 1079 834
57 10 1003 1142 855
57 15 966 1157 877
57 9 793 1279 928
57 11 930 1204 866
57 10 1061 1089 850
57 10 800 1263 937
58 10 959 1221 820
58 10 875 1209 916
58 11 928 1208 864
58 14 822 1265 913
58 12 778 1331 891
58 10 858 1240 902
58 11 904 1242 854
58 10 754 1344 902
58 11 772 1348 880
58 10 737 1326 937
59 11 686 1408 906
59 12 741 1347 912
59 12 773 1357 870
59 11 763 1369 868
59 11 803 1349 848
59 10 787 1311 902
59 12 941 1235 824
59 10 850 1303 847
59 12 760 1334 906
59 10 710 1427 863
60 9 609 1447 944
60 11 748 1410 842
60 11 715 1392 893
60 11 744 1364 892
60 11 798 1347 855
60 11 735 1364 901
60 9 819 1315 866
60 11 717 1422 861
60 14 904 1256 840
60 12 671 1417 912
61 11 829 1318 853
61 11 682 1434 884
61 14 804 1350 846
61 12 835 1349 816
61 9 696 1422 882
61 13 852 1337 811
61 11 699 1424 877
61 9 749 1403 848
61 10 795 1378 827
61 12 706 1454 840
62 10 821 1382 797
62 13 822 1330 848
62 11 816 1362 822
62 11 727 1470 803
62 10 669 1477 854
62 10 625 1497 878
62 10 546 1549 905
62 12 790 1398 812
62 11 677 1476 847
62 11 643 1480 877
63 13 688 1475 837
63 12 779 1410 811
63 10 649 1553 798
63 10 623 1480 897
63 12 713 1461 826
63 11 738 1422 840
63 12 878 1356 766
63 10 667 1492 841
63 11 826 1360 814
63 10 623 1560 817
64 11 696 1506 798
64 10 647 1524 829
64 11 735 1508 757
64 14 637 1588 775
64 14 678 1524 798
64 9 603 1592 805
64 10 678 1484 838
64 9 578 1571 851
64 11 615 1582 803
64 14 638 1541 821
65 10 621 1566 813
65 14 659 1567 774
65 10 555 1647 798
65 11 625 1576 799
65 10 626 1574 800
65 11 548 1614 838
65 11 671 1512 817
65 12 716 1477 807
65 12 683 1543 774
65 10 485 1691 824
66 9 494 1720 786
66 10 584 1633 783
66 10 661 1554 785
66 9 522 1697 781
66 11 641 1603 756
66 9 503 1680 817
66 11 626 1588 786
66 14 759 1541 700
66 12 686 1501 813
66 10 585 1627 788
67 10 535 1660 805
67 11 547 1645 808
67 11 631 1602 767
67 13 661 1615 724
67 9 524 1714 762
67 10 636 1613 751
67 10 506 1680 814
67 9 573 1661 766
67 10 614 1636 750
67 10 542 1708 750
68 13 651 1626 723
68 10 477 1741 782
68 10 558 1668 774
68 11 516 1749 735
68 11 554 1686 760
68 10 520 1705 775
68 10 491 1736 773
68 10 531 1710 759
68 10 548 1657 795
68 12 577 1659 764
69 9 520 1745 735
69 11 619 1713 668
69 13 747 1565 688
69 10 460 1816 724
69 11 460 1771 769
69 10 578 1676 746
69 10 504 1795 701
69 10 495 1764 741
69 11 639 1616 745
69 9 512 1741 747
70 9 530 1771 699
70 9 436 1854 710
70 10 425 1846 729
70 9 420 1852 728
70 10 583 1730 687
70 11 581 1689 730
70 10 591 1690 719
70 11 490 1814 696
70 10 518 1788 694
70 10 590 1691 719
71 10 449 1831 720
71 10 479 1803 718
71 14 491 1819 690
71 10 554 1752 694
71 10 458 1845 697
71 9 474 1857 669
71 11 560 1733 707
71 10 477 1821 702
71 11 490 1789 721
71 10 484 1851 665
72 11 583 1741 676
72 11 434 1887 679
72 11 461 1832 707
72 9 503 1839 658
72 11 478 1852 670
72 11 538 1801 661
72 9 412 1896 692
72 10 514 1801 685
72 10 464 1873 663
72 10 501 1831 668
73 10 402 1937 661
73 10 440 1905 655
73 12 420 1919 661
73 10 366 1964 670
73 11 502 1845 653
73 10 494 1834 672
73 11 469 1873 658
73 11 416 1920 664
73 9 367 1975 658
73 11 465 1883 652
74 10 374 1965 661
74 9 360 2011 629
74 10 451 1915 634
74 8 384 1959 657
74 11 429 1973 598
74 11 439 1939 622
74 12 509 1817 674
74 9 365 1954 681
74 9 425 1928 647
74 9 411 1961 628
75 11 417 1974 609
75 10 511 1866 623
75 11 480 1899 621
75 11 330 2029 641
75 11 487 1882 631
75 9 354 1983 663
75 10 347 2038 615
75 10 375 2012 613
75 10 455 1959 586
75 10 357 2041 602
76 10 284 2111 605
76 9 329 2074 597
76 8 303 2063 634
76 9 275 2097 628
76 10 391 1994 615
76 9 406 1986 608
76 10 329 2085 586
76 10 399 1984 617
76 10 356 2056 588
76 10 404 2006 590
77 8 292 2115 593
77 10 351 2068 581
77 9 309 2106 585
77 10 340 2075 585
77 9 261 2147 592
77 10 360 2063 577
77 10 324 2097 579
77 10 425 1964 611
77 8 304 2116 580
77 10 277 2164 559
78 12 362 2058 580
78 9 390 2053 557
78 11 387 2056 557
78 10 374 2077 549
78 9 287 2154 559
78 10 299 2138 563
78 10 256 2186 558
78 9 320 2146 534
78 9 366 2039 595
78 12 364 2095 541
79 10 306 2156 538
79 10 315 2122 563
79 9 307 2189 504
79 9 273 2189 538
79 9 301 2172 527
79 10 338 2158 504
79 10 277 2184 539
79 10 359 2097 544
79 11 260 2232 508
79 9 335 2122 543
80 10 298 2189 513
80 11 236 2263 501
80 9 326 2161 513
80 10 220 2290 490
80 10 320 2128 552
80 10 266 2238 496
80 10 351 2097 552
80 8 271 2211 518
80 8 328 2171 501
80 8 282 2236 482
81 9 338 2162 500
81 9 292 2249 459
81 10 284 2225 491
81 9 312 2218 470
81 8 219 2319 462
81 12 336 2173 491
81 9 291 2227 482
81 9 239 2270 491
81 10 293 2227 480
81 9 263 2215 522
82 9 256 2285 459
82 9 221 2272 507
82 9 269 2250 481
82 11 234 2308 458
82 10 305 2181 514
82 10 232 2287 481
82 11 260 2263 477
82 8 300 2251 449
82 9 204 2338 458
82 11 210 2303 487
83 9 251 2302 447
83 9 265 2300 435
83 10 211 2356 433
83 9 204 2328 468
83 9 206 2368 426
83 9 212 2330 458
83 8 205 2378 417
83 8 163 2402 435
83 9 196 2391 413
83 9 211 2362 427
84 9 164 2434 402
84 10 240 2337 423
84 10 281 2280 439
84 10 252 2336 412
84 9 228 2352 420
84 10 177 2415 408
84 8 210 2341 449
84 8 199 2398 403
84 10 262 2293 445
84 9 207 2324 469
85 9 163 2436 401
85 9 176 2444 380
85 9 100 2523 377
85 9 221 2363 416
85 8 184 2410 406
85 9 218 2397 385
85 11 228 2365 407
85 8 179 2412 409
85 9 178 2433 389
85 9 205 2418 377
86 9 164 2471 365
86 9 137 2508 355
86 10 185 2468 347
86 10 212 2403 385
86 9 183 2418 399
86 9 150 2500 350
86 8 161 2472 367
86 10 182 2464 354
86 9 224 2428 348
86 8 138 2501 361
87 10 205 2451 344
87 8 181 2455 364
87 8 143 2541 316
87 9 177 2467 356
87 8 153 2520 327
87 8 178 2479 343
87 10 157 2485 358
87 10 209 2441 350
87 9 159 2527 314
87 9 175 2468 357
88 9 148 2533 319
88 9 158 2502 340
88 11 195 2479 326
88 9 157 2510 333
88 9 130 2560 310
88 8 160 2532 308
88 9 166 2504 330
88 9 112 2587 301
88 8 117 2555 328
88 8 146 2535 319
89 8 148 2538 314
89 8 108 2611 281
89 8 127 2592 281
89 8 171 2539 290
89 8 93 2659 248
89 8 162 2546 292
89 10 174 2543 283
89 8 100 2625 275
89 8 110 2645 245
89 9 158 2556 286
90 8 102 2652 246
90 9 103 2658 239
90 9 104 2642 254
90 9 112 2636 252
90 9 118 2626 256
90 9 94 2665 241
90 8 85 2681 234
90 8 117 2628 255
90 8 109 2646 245
90 9 94 2653 253
91 9 97 2666 237
91 9 129 2660 211
91 8 147 2636 217
91 8 130 2636 234
91 10 84 2701 215
91 9 147 2620 233
91 8 104 2666 230
91 10 132 2640 228
91 8 84 2679 237
91 9 165 2593 242
92 9 79 2710 211
92 8 82 2719 199
92 8 69 2724 207
92 8 63 2737 200
92 9 92 2718 190
92 8 86 2702 212
92 8 95 2702 203
92 9 93 2698 209
92 8 62 2729 209
92 8 110 2672 218
93 9 84 2762 154
93 9 81 2749 170
93 8 83 2739 178
93 9 108 2712 180
93 9 93 2712 195
93 8 85 2726 189
93 9 75 2742 183
93 9 73 2717 210
93 8 91 2709 200
93 8 65 2767 168
94 9 71 2799 130
94 8 88 2760 152
94 9 82 2767 151
94 8 49 2808 143
94 8 50 2792 158
94 8 38 2810 152
94 8 47 2813 140
94 9 93 2741 166
94 8 95 2744 161
94 8 85 2768 147
95 8 43 2851 106
95 8 43 2844 113
95 8 53 2812 135
95 11 58 2823 119
95 8 62 2824 114
95 8 26 2852 122
95 8 38 2828 134
95 8 36 2854 110
95 8 26 2862 112
95 8 25 2851 124
96 8 30 2875 95
96 8 29 2890 81
96 8 10 2909 81
96 8 20 2908 72
96 9 20 2911 69
96 8 47 2869 84
96 8 40 2879 81
96 8 44 2853 103
96 9 33 2873 94
96 8 29 2889 82
97 8 19 2931 50
97 8 9 2943 48
97 9 50 2879 71
97 8 14 2925 61
97 8 26 2912 62
97 8 16 2916 68
97 8 23 2917 60
97 8 39 2892 69
97 8 24 2925 51
97 8 18 2921 61
98 8 8 2969 23
98 8 12 2954 34
98 8 5 2964 31
98 8 17 2960 23
98 8 14 2948 38
98 8 21 2941 38
98 8 5 2967 28
98 8 4 2967 29
98 8 15 2949 36
98 8 5 2968 27
99 8 0 3000 0
99 8 0 3000 0
99 8 0 3000 0
99 8 0 3000 0
99 8 0 3000 0
99 8 0 3000 0
99 8 0 3000 0
99 8 0 3000 0
99 8 0 3000 0
99 8 0 3000 0
