0 1.80 2915.40 2.20 82.40
1 2.00 2915.40 2.60 82.00
2 2.10 2914.40 3.50 82.10
3 2.70 2891.50 6.00 102.50
4 2.50 2877.00 7.40 115.60
5 2.50 2904.90 6.80 88.30
6 3.10 2875.40 10.30 114.30
7 3.30 2889.50 9.70 100.80
8 3.20 2890.80 9.40 99.80
9 4.10 2816.80 20.20 163.00
10 3.60 2856.20 14.90 128.90
11 4.10 2835.50 18.80 145.70
12 4.30 2817.90 27.00 155.10
13 6.10 2764.40 36.10 199.50
14 5.80 2750.80 38.20 211.00
15 5.90 2687.50 49.80 262.70
16 6.50 2652.20 60.30 287.50
17 6.10 2731.20 47.70 221.10
18 8.20 2622.00 72.50 305.50
19 6.80 2640.00 77.00 283.00
20 8.30 2557.40 94.10 348.50
21 8.10 2628.50 82.80 288.70
22 9.60 2485.20 120.80 394.00
23 9.10 2495.40 122.90 381.70
24 8.40 2372.70 160.90 466.40
25 9.50 2379.00 161.30 459.70
26 12.60 2253.60 206.90 539.50
27 11.20 2179.70 234.90 585.40
28 11.90 2185.50 242.00 572.50
29 13.30 2015.30 305.80 678.90
30 12.50 1992.80 314.90 692.30
31 11.60 2039.30 302.90 657.80
32 12.40 2039.40 315.60 645.00
33 13.30 1883.60 380.20 736.20
34 13.60 1964.50 358.30 677.20
35 11.90 1874.20 404.90 720.90
36 13.50 1768.00 458.10 773.90
37 12.40 1733.00 488.70 778.30
38 12.00 1632.80 534.20 833.00
39 12.40 1614.90 553.90 831.20
40 12.50 1642.40 567.50 790.10
41 13.70 1469.50 652.30 878.20
42 11.90 1446.00 667.50 886.50
43 13.10 1512.80 653.80 833.40
44 12.20 1335.90 758.10 906.00
45 12.80 1329.90 777.40 892.70
46 11.40 1198.40 854.40 947.20
47 12.40 1295.30 812.40 892.30
48 13.00 1292.70 821.90 885.40
49 13.10 1161.50 930.50 908.00
50 11.50 1196.80 914.30 888.90
51 12.40 1153.90 966.80 879.30
52 11.30 1079.50 1020.60 899.90
53 11.50 1011.50 1074.10 914.40
54 11.70 988.60 1101.80 909.60
55 11.20 938.50 1162.10 899.40
56 11.10 896.80 1192.80 910.40
57 11.10 918.20 1197.10 884.70
58 10.90 838.70 1273.40 887.90
59 11.10 781.40 1344.00 874.60
60 11.00 746.00 1373.40 880.60
61 11.20 764.70 1386.90 848.40
62 10.90 713.60 1442.10 844.30
63 11.10 718.40 1456.90 824.70
64 11.30 650.50 1542.00 807.50
65 11.10 618.90 1576.70 804.40
66 10.50 606.10 1614.40 779.50
67 10.30 576.90 1653.40 769.70
68 10.70 542.30 1693.70 764.00
69 10.40 553.40 1720.20 726.40
70 9.90 516.40 1772.50 711.10
71 10.50 491.60 1810.10 698.30
72 10.30 488.80 1835.30 675.90
73 10.50 434.10 1905.50 660.40
74 9.80 414.70 1942.20 643.10
75 10.30 411.30 1968.30 620.40
76 9.50 347.60 2045.60 606.80
77 9.40 324.30 2091.50 584.20
78 10.10 340.50 2100.20 559.30
79 9.70 307.10 2162.10 530.80
80 9.40 289.80 2198.40 511.80
81 9.40 286.70 2228.50 484.80
82 9.70 249.10 2273.80 477.10
83 8.90 212.40 2351.70 435.90
84 9.30 222.00 2351.00 427.00
85 9.00 185.20 2420.10 394.70
86 9.10 173.60 2463.30 363.10
87 8.90 173.70 2483.40 342.90
88 8.90 148.90 2529.70 321.40
89 8.30 135.10 2585.40 279.50
90 8.60 103.80 2648.70 247.50
91 8.80 121.90 2649.70 228.40
92 8.30 83.10 2711.10 205.80
93 8.60 83.80 2733.50 182.70
94 8.30 69.80 2780.20 150.00
95 8.30 41.00 2840.10 118.90
96 8.20 30.20 2885.60 84.20
97 8.10 23.80 2916.10 60.10
98 8.00 10.60 2958.70 30.70
99 8.00 0.00 3000.00 0.00
