0 2 2998 2 0
0 1 2999 1 0
0 3 2996 4 0
0 2 2997 3 0
0 1 2999 1 0
0 2 2998 2 0
0 2 2996 4 0
0 1 2999 1 0
0 2 2998 2 0
0 2 2998 2 0
1 2 2998 2 0
1 2 2997 3 0
1 2 2998 2 0
1 2 2998 2 0
1 1 2999 1 0
1 2 2997 3 0
1 2 2997 3 0
1 2 2997 3 0
1 1 2999 1 0
1 1 2999 1 0
2 1 2999 1 0
2 1 2999 1 0
2 3 2996 4 0
2 2 2997 3 0
2 2 2995 5 0
2 2 2998 2 0
2 3 2993 7 0
2 2 2997 3 0
2 2 2996 4 0
2 2 2998 2 0
3 3 2988 12 0
3 2 2996 4 0
3 3 2994 6 0
3 2 2998 2 0
3 2 2995 5 0
3 4 2992 8 0
3 4 2992 8 0
3 2 2996 4 0
3 2 2996 4 0
3 1 2999 1 0
4 6 2982 18 0
4 2 2998 2 0
4 2 2997 3 0
4 5 2989 11 0
4 2 2998 2 0
4 2 2995 5 0
4 2 2997 3 0
4 2 2993 7 0
4 2 2995 5 0
4 2 2994 6 0
5 2 2996 4 0
5 4 2995 5 0
5 2 2997 3 0
5 2 2996 4 0
5 3 2992 8 0
5 3 2994 6 0
5 3 2992 8 0
5 6 2987 13 0
5 3 2994 6 0
5 2 2993 7 0
6 7 2988 12 0
6 2 2994 6 0
6 4 2986 14 0
6 3 2994 6 0
6 4 2977 23 0
6 3 2994 6 0
6 2 2993 7 0
6 2 2996 4 0
6 4 2982 18 0
6 2 2994 6 0
7 4 2985 15 0
7 4 2987 13 0
7 3 2993 7 0
7 3 2995 5 0
7 6 2959 41 0
7 2 2993 7 0
7 5 2985 15 0
7 2 2996 4 0
7 4 2967 33 0
7 2 2994 6 0
8 6 2959 41 0
8 3 2988 12 0
8 6 2975 25 0
8 6 2953 47 0
8 4 2988 12 0
8 3 2991 9 0
8 3 2989 11 0
8 2 2996 4 0
8 3 2991 9 0
8 3 2992 8 0
9 4 2989 11 0
9 4 2989 11 0
9 3 2991 9 0
9 3 2988 12 0
9 6 2955 45 0
9 6 2988 12 0
9 3 2992 8 0
9 10 2929 71 0
9 5 2983 17 0
9 5 2984 16 0
10 5 2984 16 0
10 4 2983 17 0
10 7 2914 86 0
10 3 2984 16 0
10 4 2984 16 0
10 4 2976 24 0
10 3 2987 13 0
10 4 2987 13 0
10 3 2984 16 0
10 5 2962 38 0
11 6 2977 23 0
11 6 2983 17 0
11 3 2986 14 0
11 4 2990 10 0
11 3 2985 15 0
11 8 2943 57 0
11 8 2965 35 0
11 6 2964 36 0
11 7 2926 74 0
11 3 2988 12 0
12 4 2969 31 0
12 7 2963 37 0
12 3 2992 8 0
12 9 2932 68 0
12 8 2927 73 0
12 3 2992 8 0
12 3 2992 8 0
12 4 2991 9 0
12 2 2995 5 0
12 7 2925 75 0
13 4 2977 23 0
13 5 2983 17 0
13 4 2983 17 0
13 8 2874 126 0
13 8 2963 37 0
13 3 2994 6 0
13 7 2965 35 0
13 12 2891 109 0
13 12 2922 78 0
13 8 2923 77 0
14 6 2973 27 0
14 7 2955 45 0
14 11 2883 117 0
14 3 2988 12 0
14 8 2923 77 0
14 6 2967 33 0
14 7 2956 44 0
14 11 2930 70 0
14 9 2950 50 0
14 3 2978 22 0
15 4 2988 12 0
15 11 2941 59 0
15 8 2964 36 0
15 7 2930 70 0
15 12 2888 112 0
15 8 2967 33 0
15 4 2977 23 0
15 3 2987 13 0
15 12 2900 100 0
15 7 2971 29 0
16 14 2875 125 0
16 5 2978 22 0
16 8 2944 56 0
16 7 2873 127 0
16 12 2925 75 0
16 11 2926 74 0
16 5 2976 24 0
16 13 2837 163 0
16 11 2885 115 0
16 19 2803 197 0
17 5 2979 21 0
17 4 2977 23 0
17 9 2908 92 0
17 10 2781 219 0
17 9 2905 95 0
17 6 2929 71 0
17 5 2960 40 0
17 11 2957 43 0
17 13 2828 172 0
17 13 2831 169 0
18 7 2946 54 0
18 17 2814 186 0
18 13 2791 209 0
18 11 2722 278 0
18 13 2798 202 0
18 8 2938 62 0
18 15 2886 114 0
18 12 2804 196 0
18 17 2719 281 0
18 21 2713 287 0
19 9 2847 153 0
19 14 2837 163 0
19 17 2771 229 0
19 5 2985 15 0
19 18 2606 394 0
19 16 2815 185 0
19 12 2722 278 0
19 6 2958 42 0
19 16 2730 270 0
19 10 2826 174 0
20 6 2954 46 0
20 8 2957 43 0
20 8 2913 87 0
20 20 2697 303 0
20 8 2941 59 0
20 9 2873 127 0
20 13 2678 322 0
20 15 2652 348 0
20 12 2732 268 0
20 26 2704 296 0
21 11 2849 151 0
21 19 2623 377 0
21 5 2969 31 0
21 10 2827 173 0
21 22 2694 306 0
21 17 2631 369 0
21 18 2662 338 0
21 15 2718 282 0
21 17 2567 433 0
21 16 2551 449 0
22 14 2601 399 0
22 28 2503 497 0
22 20 2545 455 0
22 23 2660 340 0
22 33 2493 507 0
22 18 2562 438 0
22 19 2572 428 0
22 13 2612 388 0
22 15 2596 404 0
22 12 2617 383 0
23 13 2645 355 0
23 23 2572 428 0
23 6 2937 63 0
23 15 2523 477 0
23 17 2564 436 0
23 20 2600 400 0
23 17 2622 378 0
23 13 2571 429 0
23 15 2551 449 0
23 11 2929 71 0
24 24 2465 535 0
24 13 2566 434 0
24 15 2444 556 0
24 13 2439 561 0
24 11 2610 390 0
24 14 2578 422 0
24 11 2509 491 0
24 13 2632 368 0
24 12 2555 445 0
24 13 2652 348 0
25 19 2329 671 0
25 21 2475 525 0
25 18 2437 563 0
25 14 2572 428 0
25 15 2604 396 0
25 23 2374 626 0
25 16 2396 604 0
25 18 2482 518 0
25 21 2391 609 0
25 18 2422 578 0
26 17 2445 555 0
26 22 2465 535 0
26 14 2453 547 0
26 21 2425 575 0
26 22 2309 691 0
26 14 2385 615 0
26 19 2348 652 0
26 26 2390 610 0
26 18 2454 546 0
26 20 2370 630 0
27 18 2316 684 0
27 19 2327 673 0
27 13 2398 602 0
27 20 2431 569 0
27 14 2372 628 0
27 18 2272 728 0
27 18 2331 669 0
27 16 2355 645 0
27 21 2263 737 0
27 18 2318 682 0
28 12 2295 705 0
28 15 2278 722 0
28 16 2210 790 0
28 19 2270 730 0
28 19 2306 694 0
28 15 2268 732 0
28 18 2251 749 0
28 22 2348 652 0
28 16 2238 762 0
28 17 2334 666 0
29 14 2284 716 0
29 17 2233 767 0
29 15 2284 716 0
29 17 2249 751 0
29 17 2232 768 0
29 16 2238 762 0
29 15 2263 737 0
29 15 2253 747 0
29 25 2296 704 0
29 17 2201 799 0
30 14 2159 841 0
30 17 2238 762 0
30 19 2136 864 0
30 22 2043 957 0
30 20 2128 872 0
30 15 2160 840 0
30 20 2125 875 0
30 23 2155 845 0
30 17 2137 863 0
30 15 2073 927 0
31 17 2108 892 0
31 23 2086 914 0
31 22 2123 877 0
31 23 2015 985 0
31 13 2149 851 0
31 12 2099 901 0
31 14 2134 866 0
31 19 2141 859 0
31 25 2126 874 0
31 16 2078 922 0
32 17 1934 1066 0
32 17 2091 909 0
32 13 2068 932 0
32 17 2066 934 0
32 15 2050 950 0
32 15 2012 988 0
32 16 1996 1004 0
32 18 2061 939 0
32 20 2039 961 0
32 13 2035 965 0
33 15 1977 1023 0
33 15 2111 889 0
33 13 2030 970 0
33 17 1968 1032 0
33 14 2002 998 0
33 17 2029 971 0
33 16 1935 1065 0
33 19 1879 1121 0
33 18 1998 1002 0
33 14 1927 1073 0
34 15 1940 1060 0
34 18 1902 1098 0
34 17 1986 1014 0
34 15 1892 1108 0
34 17 1971 1029 0
34 19 1975 1025 0
34 16 1998 1002 0
34 17 1921 1079 0
34 19 1919 1081 0
34 13 1922 1078 0
35 17 1925 1075 0
35 20 1853 1147 0
35 15 1886 1114 0
35 16 1841 1159 0
35 15 1946 1054 0
35 16 1801 1199 0
35 18 1849 1151 0
35 19 1946 1054 0
35 15 1737 1263 0
35 14 1910 1090 0
36 16 1838 1162 0
36 15 1719 1281 0
36 17 1865 1135 0
36 19 1881 1119 0
36 17 1793 1207 0
36 19 1825 1175 0
36 16 1793 1207 0
36 18 1880 1120 0
36 18 1790 1210 0
36 19 1838 1162 0
37 16 1778 1222 0
37 16 1822 1178 0
37 15 1674 1326 0
37 16 1739 1261 0
37 13 1750 1250 0
37 12 1770 1230 0
37 16 1747 1253 0
37 21 1751 1249 0
37 14 1829 1171 0
37 15 1885 1115 0
38 14 1653 1347 0
38 12 1742 1258 0
38 13 1682 1318 0
38 13 1717 1283 0
38 16 1756 1244 0
38 17 1754 1246 0
38 12 1682 1318 0
38 15 1623 1377 0
38 16 1668 1332 0
38 15 1727 1273 0
39 15 1753 1247 0
39 16 1624 1376 0
39 17 1583 1417 0
39 14 1711 1289 0
39 14 1718 1282 0
39 12 1689 1311 0
39 14 1646 1354 0
39 14 1707 1293 0
39 16 1615 1385 0
39 16 1569 1431 0
40 14 1651 1349 0
40 15 1641 1359 0
40 13 1667 1333 0
40 18 1712 1288 0
40 13 1644 1356 0
40 16 1560 1440 0
40 17 1776 1224 0
40 14 1581 1419 0
40 19 1664 1336 0
40 16 1643 1357 0
41 14 1575 1425 0
41 13 1500 1500 0
41 15 1609 1391 0
41 15 1564 1436 0
41 16 1522 1478 0
41 13 1615 1385 0
41 16 1577 1423 0
41 14 1543 1457 0
41 19 1545 1455 0
41 13 1591 1409 0
42 15 1470 1530 0
42 12 1505 1495 0
42 13 1460 1540 0
42 14 1569 1431 0
42 14 1593 1407 0
42 13 1589 1411 0
42 12 1623 1377 0
42 13 1452 1548 0
42 13 1619 1381 0
42 14 1434 1566 0
43 12 1434 1566 0
43 20 1454 1546 0
43 14 1521 1479 0
43 14 1412 1588 0
43 16 1475 1525 0
43 17 1415 1585 0
43 14 1497 1503 0
43 16 1507 1493 0
43 17 1470 1530 0
43 16 1407 1593 0
44 12 1380 1620 0
44 16 1395 1605 0
44 15 1420 1580 0
44 11 1494 1506 0
44 13 1426 1574 0
44 13 1351 1649 0
44 15 1424 1576 0
44 14 1440 1560 0
44 15 1441 1559 0
44 19 1418 1582 0
45 16 1349 1651 0
45 16 1394 1606 0
45 19 1452 1548 0
45 14 1355 1645 0
45 14 1350 1650 0
45 12 1453 1547 0
45 16 1407 1593 0
45 15 1427 1573 0
45 15 1458 1542 0
45 14 1351 1649 0
46 15 1398 1602 0
46 14 1342 1658 0
46 16 1395 1605 0
46 15 1294 1706 0
46 18 1377 1623 0
46 15 1403 1597 0
46 15 1382 1618 0
46 14 1375 1625 0
46 12 1316 1684 0
46 12 1379 1621 0
47 12 1348 1652 0
47 14 1207 1793 0
47 15 1245 1755 0
47 17 1245 1755 0
47 13 1283 1717 0
47 13 1319 1681 0
47 14 1239 1761 0
47 14 1341 1659 0
47 12 1346 1654 0
47 16 1312 1688 0
48 11 1234 1766 0
48 15 1221 1779 0
48 14 1248 1752 0
48 13 1171 1829 0
48 14 1344 1656 0
48 13 1282 1718 0
48 15 1308 1692 0
48 17 1178 1822 0
48 14 1206 1794 0
48 15 1269 1731 0
49 11 1239 1761 0
49 14 1220 1780 0
49 11 1306 1694 0
49 14 1220 1780 0
49 12 1198 1802 0
49 13 1177 1823 0
49 17 1212 1788 0
49 15 1175 1825 0
49 12 1187 1813 0
49 15 1157 1843 0
50 12 1262 1738 0
50 13 1164 1836 0
50 11 1144 1856 0
50 15 1180 1820 0
50 12 1189 1811 0
50 14 1136 1864 0
50 13 1170 1830 0
50 14 1197 1803 0
50 13 1155 1845 0
50 13 1165 1835 0
51 14 1099 1901 0
51 13 1156 1844 0
51 13 1153 1847 0
51 13 1135 1865 0
51 12 1104 1896 0
51 14 1096 1904 0
51 18 1133 1867 0
51 13 1064 1936 0
51 16 1134 1866 0
51 15 1213 1787 0
52 16 1091 1909 0
52 15 1027 1973 0
52 12 1087 1913 0
52 11 1078 1922 0
52 15 1088 1912 0
52 12 1059 1941 0
52 15 1077 1923 0
52 15 1033 1967 0
52 13 1128 1872 0
52 14 1045 1955 0
53 13 1060 1940 0
53 14 1037 1963 0
53 14 1037 1963 0
53 14 993 2007 0
53 11 1043 1957 0
53 13 1027 1973 0
53 12 1060 1940 0
53 12 1047 1953 0
53 11 1056 1944 0
53 17 1023 1977 0
54 13 966 2034 0
54 12 1015 1985 0
54 12 1009 1991 0
54 13 963 2037 0
54 15 1000 2000 0
54 13 993 2007 0
54 11 955 2045 0
54 13 979 2021 0
54 12 982 2018 0
54 12 1026 1974 0
55 11 948 2052 0
55 13 908 2092 0
55 13 983 2017 0
55 12 986 2014 0
55 12 927 2073 0
55 12 935 2065 0
55 12 966 2034 0
55 12 974 2026 0
55 14 951 2049 0
55 14 947 2053 0
56 11 884 2116 0
56 12 832 2168 0
56 10 930 2070 0
56 14 931 2069 0
56 16 1011 1989 0
56 14 902 2098 0
56 13 926 2074 0
56 12 939 2061 0
56 12 955 2045 0
56 11 990 2010 0
57 13 926 2074 0
57 11 904 2096 0
57 11 880 2120 0
57 13 889 2111 0
57 12 875 2125 0
57 13 888 2112 0
57 12 940 2060 0
57 13 851 2149 0
57 12 912 2088 0
57 12 870 2130 0
58 12 880 2120 0
58 11 844 2156 0
58 12 895 2105 0
58 12 811 2189 0
58 12 842 2158 0
58 12 826 2174 0
58 11 822 2178 0
58 11 844 2156 0
58 12 826 2174 0
58 14 886 2114 0
59 17 852 2148 0
59 12 815 2185 0
59 13 812 2188 0
59 12 849 2151 0
59 13 865 2135 0
59 12 863 2137 0
59 11 910 2090 0
59 12 860 2140 0
59 12 744 2256 0
59 11 749 2251 0
60 13 797 2203 0
60 12 768 2232 0
60 12 793 2207 0
60 12 803 2197 0
60 11 832 2168 0
60 12 827 2173 0
60 13 749 2251 0
60 11 841 2159 0
60 11 799 2201 0
60 11 768 2232 0
61 12 770 2230 0
61 13 758 2242 0
61 12 679 2321 0
61 12 795 2205 0
61 11 770 2230 0
61 12 745 2255 0
61 12 746 2254 0
61 13 817 2183 0
61 14 780 2220 0
61 10 747 2253 0
62 11 698 2302 0
62 12 784 2216 0
62 13 732 2268 0
62 13 721 2279 0
62 11 677 2323 0
62 11 750 2250 0
62 13 738 2262 0
62 11 726 2274 0
62 11 727 2273 0
62 12 732 2268 0
63 12 681 2319 0
63 12 703 2297 0
63 12 702 2298 0
63 11 636 2364 0
63 12 764 2236 0
63 11 687 2313 0
63 11 724 2276 0
63 11 666 2334 0
63 11 702 2298 0
63 9 694 2306 0
64 11 700 2300 0
64 12 667 2333 0
64 12 664 2336 0
64 10 680 2320 0
64 10 659 2341 0
64 11 642 2358 0
64 10 678 2322 0
64 13 687 2313 0
64 10 635 2365 0
64 10 655 2345 0
65 11 646 2354 0
65 11 641 2359 0
65 10 604 2396 0
65 12 658 2342 0
65 11 670 2330 0
65 11 615 2385 0
65 12 621 2379 0
65 11 662 2338 0
65 12 687 2313 0
65 11 616 2384 0
66 11 604 2396 0
66 12 666 2334 0
66 11 645 2355 0
66 12 633 2367 0
66 11 649 2351 0
66 11 678 2322 0
66 13 601 2399 0
66 10 617 2383 0
66 11 615 2385 0
66 13 628 2372 0
67 11 588 2412 0
67 11 609 2391 0
67 12 578 2422 0
67 10 632 2368 0
67 11 554 2446 0
67 11 587 2413 0
67 11 600 2400 0
67 13 630 2370 0
67 12 586 2414 0
67 12 574 2426 0
68 10 597 2403 0
68 10 528 2472 0
68 11 578 2422 0
68 11 563 2437 0
68 10 533 2467 0
68 10 544 2456 0
68 11 543 2457 0
68 10 526 2474 0
68 11 553 2447 0
68 10 573 2427 0
69 11 489 2511 0
69 12 508 2492 0
69 10 559 2441 0
69 10 548 2452 0
69 10 554 2446 0
69 11 502 2498 0
69 13 495 2505 0
69 10 535 2465 0
69 13 577 2423 0
69 11 550 2450 0
70 13 560 2440 0
70 10 464 2536 0
70 10 547 2453 0
70 12 531 2469 0
70 12 502 2498 0
70 10 517 2483 0
70 11 564 2436 0
70 10 525 2475 0
70 11 527 2473 0
70 10 536 2464 0
71 12 475 2525 0
71 10 475 2525 0
71 10 470 2530 0
71 10 466 2534 0
71 11 446 2554 0
71 11 489 2511 0
71 11 467 2533 0
71 11 487 2513 0
71 12 488 2512 0
71 10 487 2513 0
72 10 500 2500 0
72 10 410 2590 0
72 9 445 2555 0
72 10 475 2525 0
72 11 466 2534 0
72 10 453 2547 0
72 10 463 2537 0
72 10 505 2495 0
72 11 466 2534 0
72 12 519 2481 0
73 11 456 2544 0
73 9 431 2569 0
73 11 465 2535 0
73 10 438 2562 0
73 10 417 2583 0
73 11 431 2569 0
73 11 419 2581 0
73 10 438 2562 0
73 9 436 2564 0
73 10 450 2550 0
74 10 454 2546 0
74 9 439 2561 0
74 11 452 2548 0
74 10 439 2561 0
74 10 400 2600 0
74 10 443 2557 0
74 9 370 2630 0
74 10 389 2611 0
74 11 414 2586 0
74 10 418 2582 0
75 10 409 2591 0
75 10 402 2598 0
75 8 398 2602 0
75 9 460 2540 0
75 10 371 2629 0
75 10 373 2627 0
75 9 366 2634 0
75 10 420 2580 0
75 10 395 2605 0
75 11 410 2590 0
76 10 374 2626 0
76 10 400 2600 0
76 10 370 2630 0
76 10 378 2622 0
76 11 353 2647 0
76 12 345 2655 0
76 9 408 2592 0
76 10 370 2630 0
76 10 370 2630 0
76 9 361 2639 0
77 10 355 2645 0
77 10 401 2599 0
77 9 375 2625 0
77 10 342 2658 0
77 10 360 2640 0
77 11 357 2643 0
77 10 362 2638 0
77 11 377 2623 0
77 10 389 2611 0
77 10 346 2654 0
78 10 309 2691 0
78 9 360 2640 0
78 10 340 2660 0
78 11 314 2686 0
78 9 318 2682 0
78 11 310 2690 0
78 10 329 2671 0
78 13 337 2663 0
78 13 317 2683 0
78 10 336 2664 0
79 9 324 2676 0
79 9 305 2695 0
79 10 308 2692 0
79 10 287 2713 0
79 9 305 2695 0
79 9 293 2707 0
79 9 306 2694 0
79 9 301 2699 0
79 9 298 2702 0
79 10 307 2693 0
80 10 283 2717 0
80 10 279 2721 0
80 9 285 2715 0
80 11 323 2677 0
80 10 296 2704 0
80 11 301 2699 0
80 10 312 2688 0
80 9 311 2689 0
80 9 289 2711 0
80 10 312 2688 0
81 9 250 2750 0
81 11 254 2746 0
81 10 272 2728 0
81 9 270 2730 0
81 9 229 2771 0
81 11 264 2736 0
81 11 297 2703 0
81 11 302 2698 0
81 10 268 2732 0
81 8 270 2730 0
82 9 277 2723 0
82 9 273 2727 0
82 8 260 2740 0
82 10 268 2732 0
82 10 247 2753 0
82 9 249 2751 0
82 11 224 2776 0
82 9 263 2737 0
82 9 237 2763 0
82 10 236 2764 0
83 10 255 2745 0
83 9 251 2749 0
83 9 225 2775 0
83 8 229 2771 0
83 10 233 2767 0
83 10 221 2779 0
83 10 245 2755 0
83 10 226 2774 0
83 9 249 2751 0
83 9 243 2757 0
84 11 221 2779 0
84 10 196 2804 0
84 9 228 2772 0
84 9 227 2773 0
84 9 232 2768 0
84 11 238 2762 0
84 10 233 2767 0
84 9 195 2805 0
84 9 243 2757 0
84 10 196 2804 0
85 9 192 2808 0
85 9 228 2772 0
85 8 198 2802 0
85 9 199 2801 0
85 9 187 2813 0
85 9 191 2809 0
85 9 207 2793 0
85 8 201 2799 0
85 8 215 2785 0
85 8 191 2809 0
86 10 186 2814 0
86 9 199 2801 0
86 9 208 2792 0
86 9 155 2845 0
86 8 173 2827 0
86 10 189 2811 0
86 9 209 2791 0
86 9 196 2804 0
86 9 174 2826 0
86 8 181 2819 0
87 9 167 2833 0
87 8 161 2839 0
87 9 181 2819 0
87 10 178 2822 0
87 9 181 2819 0
87 9 171 2829 0
87 8 187 2813 0
87 10 167 2833 0
87 10 144 2856 0
87 8 155 2845 0
88 8 149 2851 0
88 8 174 2826 0
88 11 158 2842 0
88 9 123 2877 0
88 8 159 2841 0
88 9 171 2829 0
88 8 139 2861 0
88 9 129 2871 0
88 9 129 2871 0
88 8 125 2875 0
89 8 146 2854 0
89 9 137 2863 0
89 9 125 2875 0
89 9 126 2874 0
89 10 134 2866 0
89 8 145 2855 0
89 9 138 2862 0
89 9 140 2860 0
89 8 111 2889 0
89 10 128 2872 0
90 8 115 2885 0
90 8 127 2873 0
90 9 134 2866 0
90 10 124 2876 0
90 8 121 2879 0
90 11 131 2869 0
90 8 130 2870 0
90 8 124 2876 0
90 8 136 2864 0
90 8 124 2876 0
91 8 107 2893 0
91 9 118 2882 0
91 9 117 2883 0
91 8 118 2882 0
91 8 106 2894 0
91 9 82 2918 0
91 9 114 2886 0
91 9 119 2881 0
91 10 96 2904 0
91 10 94 2906 0
92 9 71 2929 0
92 8 96 2904 0
92 8 108 2892 0
92 8 106 2894 0
92 8 83 2917 0
92 8 88 2912 0
92 8 82 2918 0
92 10 90 2910 0
92 8 104 2896 0
92 9 95 2905 0
93 8 78 2922 0
93 9 70 2930 0
93 8 80 2920 0
93 8 74 2926 0
93 8 70 2930 0
93 8 83 2917 0
93 8 65 2935 0
93 8 89 2911 0
93 8 80 2920 0
93 8 67 2933 0
94 8 70 2930 0
94 8 64 2936 0
94 8 72 2928 0
94 8 64 2936 0
94 8 68 2932 0
94 9 55 2945 0
94 8 63 2937 0
94 9 85 2915 0
94 9 47 2953 0
94 8 56 2944 0
95 9 49 2951 0
95 8 49 2951 0
95 8 63 2937 0
95 8 38 2962 0
95 8 64 2936 0
95 8 63 2937 0
95 8 59 2941 0
95 8 46 2954 0
95 8 52 2948 0
95 9 52 2948 0
96 8 30 2970 0
96 9 37 2963 0
96 8 35 2965 0
96 8 31 2969 0
96 8 41 2959 0
96 8 39 2961 0
96 8 37 2963 0
96 8 47 2953 0
96 8 29 2971 0
96 8 42 2958 0
97 8 29 2971 0
97 8 24 2976 0
97 9 18 2982 0
97 8 23 2977 0
97 8 16 2984 0
97 8 27 2973 0
97 8 29 2971 0
97 8 31 2969 0
97 9 48 2952 0
97 8 20 2980 0
98 8 20 2980 0
98 8 15 2985 0
98 8 15 2985 0
98 8 14 2986 0
98 8 13 2987 0
98 8 12 2988 0
98 8 13 2987 0
98 8 11 2989 0
98 8 17 2983 0
98 8 9 2991 0
99 8 0 3000 0
99 9 0 3000 0
99 8 0 3000 0
99 8 0 3000 0
99 8 0 3000 0
99 8 0 3000 0
99 8 0 3000 0
99 8 0 3000 0
99 8 0 3000 0
99 8 0 3000 0
