0 1 2166 1 833
0 1 1434 1 1565
0 1 1444 1 1555
0 1 1458 1 1541
0 1 1484 1 1515
0 1 1434 1 1565
0 1 1451 1 1548
0 1 1449 1 1550
0 1 1435 1 1564
0 1 1434 1 1565
1 1 1463 1 1536
1 1 1438 1 1561
1 1 1435 1 1564
1 1 1451 1 1548
1 1 1434 1 1565
1 1 1434 1 1565
1 1 1439 1 1560
1 1 1443 1 1556
1 1 1444 1 1555
1 1 1434 1 1565
2 1 1848 1 1151
2 1 1434 1 1565
2 1 1434 1 1565
2 1 1446 1 1553
2 1 1468 1 1531
2 1 1438 1 1561
2 2 832 2 2166
2 2 854 2 2144
2 1 1435 1 1564
2 1 1434 1 1565
3 1 1471 1 1528
3 1 1463 1 1536
3 1 1434 1 1565
3 1 1462 1 1537
3 1 1436 1 1563
3 1 1434 1 1565
3 2 860 2 2138
3 1 1460 1 1539
3 1 1434 1 1565
3 1 1453 1 1546
4 1 1443 1 1556
4 1 1440 1 1559
4 1 1449 1 1550
4 1 1464 1 1535
4 1 1448 1 1551
4 1 1578 1 1421
4 1 1447 1 1552
4 1 1441 1 1558
4 1 1461 1 1538
4 1 1444 1 1555
5 1 1434 1 1565
5 1 1436 1 1563
5 1 1443 1 1556
5 1 1441 1 1558
5 1 1458 1 1541
5 1 1565 1 1434
5 1 1436 1 1563
5 1 1440 1 1559
5 1 1449 1 1550
5 1 1442 1 1557
6 1 1457 1 1542
6 1 1453 1 1546
6 1 1501 1 1498
6 1 1434 1 1565
6 1 1505 1 1494
6 1 1489 1 1510
6 1 1444 1 1555
6 1 1488 1 1511
6 1 1464 1 1535
6 1 1455 1 1544
7 1 1459 1 1540
7 2 851 2 2147
7 1 1455 1 1544
7 1 1552 1 1447
7 1 1464 1 1535
7 1 1536 1 1463
7 1 1586 1 1413
7 1 1498 1 1501
7 1 1436 1 1563
7 1 1477 1 1522
8 1 1467 1 1532
8 1 1438 1 1561
8 1 1472 1 1527
8 2 836 2 2162
8 1 1463 1 1536
8 1 1479 1 1520
8 1 1576 1 1423
8 1 1491 1 1508
8 1 1577 1 1422
8 2 859 2 2139
9 1 1574 1 1425
9 1 1533 1 1466
9 1 1476 1 1523
9 1 1477 1 1522
9 2 838 2 2160
9 1 1688 1 1311
9 1 1461 1 1538
9 1 1512 1 1487
9 1 1514 1 1485
9 1 1478 1 1521
10 1 1495 1 1504
10 1 1481 1 1518
10 1 1516 1 1483
10 1 1451 1 1548
10 1 1496 1 1503
10 1 1450 1 1549
10 1 1640 1 1359
10 1 1527 1 1472
10 1 1441 1 1558
10 1 1490 1 1509
11 1 1471 1 1528
11 1 1639 1 1360
11 1 1599 1 1400
11 1 1473 1 1526
11 1 1506 1 1493
11 1 1527 1 1472
11 1 1689 1 1310
11 1 1469 1 1530
11 1 1668 1 1331
11 1 1484 1 1515
12 1 1521 1 1478
12 1 1483 1 1516
12 1 1495 1 1504
12 1 1486 1 1513
12 1 1460 1 1539
12 1 1507 1 1492
12 1 1490 1 1509
12 1 1852 1 1147
12 1 1515 1 1484
12 2 865 2 2133
13 1 1574 1 1425
13 1 1472 1 1527
13 1 1538 1 1461
13 1 1463 1 1536
13 1 1598 1 1401
13 1 1487 1 1512
13 1 1554 1 1445
13 1 1497 1 1502
13 1 1453 1 1546
13 1 1456 1 1543
14 1 1497 1 1502
14 1 1590 1 1409
14 1 1544 1 1455
14 1 1545 1 1454
14 1 1493 1 1506
14 1 1631 1 1368
14 1 1616 1 1383
14 1 1555 1 1444
14 1 1508 1 1491
14 1 2147 1 852
15 1 1480 1 1519
15 1 1521 1 1478
15 1 1594 1 1405
15 2 887 2 2111
15 1 1545 1 1454
15 1 1616 1 1383
15 1 1486 1 1513
15 1 1732 1 1267
15 1 1563 1 1436
15 1 1517 1 1482
16 1 1478 1 1521
16 1 1539 1 1460
16 1 1577 1 1422
16 1 1578 1 1421
16 1 1527 1 1472
16 1 1516 1 1483
16 1 1553 1 1446
16 1 1519 1 1480
16 1 1470 1 1529
16 1 1588 1 1411
17 1 1546 1 1453
17 2 980 2 2018
17 1 1586 1 1413
17 2 956 2 2042
17 1 1505 1 1494
17 1 1537 1 1462
17 1 1514 1 1485
17 1 1503 1 1496
17 1 1496 1 1503
17 2 760 3 2237
18 1 1590 1 1409
18 1 1484 1 1515
18 2 1011 2 1987
18 1 1488 1 1511
18 1 1531 1 1468
18 1 1517 1 1482
18 1 1580 1 1419
18 1 1461 1 1538
18 1 1603 1 1396
18 1 1548 1 1451
19 1 1531 1 1468
19 1 1568 1 1431
19 2 957 2 2041
19 1 1609 1 1390
19 1 1629 1 1370
19 1 1645 1 1354
19 1 1516 1 1483
19 1 1646 1 1353
19 2 959 2 2039
19 1 1526 1 1473
20 1 1494 1 1505
20 2 928 2 2070
20 1 1638 1 1361
20 1 1507 1 1492
20 1 1484 1 1515
20 1 1487 1 1512
20 1 1503 1 1496
20 1 1540 1 1459
20 1 1479 1 1520
20 2 899 3 2098
21 1 1520 1 1479
21 1 1534 1 1465
21 1 1496 1 1503
21 1 1599 1 1400
21 2 989 2 2009
21 1 1672 1 1327
21 1 1658 1 1341
21 1 1522 1 1477
21 1 1503 1 1496
21 2 919 3 2078
22 1 1706 1 1293
22 1 1535 1 1464
22 1 1508 1 1491
22 1 1493 1 1506
22 1 1507 1 1492
22 1 1608 1 1391
22 2 891 2 2107
22 1 1516 1 1483
22 1 1535 1 1464
22 2 956 2 2042
23 1 1737 1 1262
23 1 1565 1 1434
23 1 1705 1 1294
23 1 1474 1 1525
23 1 1574 1 1425
23 1 1589 1 1410
23 1 1534 1 1465
23 2 910 2 2088
23 1 1516 1 1483
23 1 1594 1 1405
24 1 1547 1 1452
24 2 861 3 2136
24 1 1715 1 1284
24 1 1642 1 1357
24 1 1607 1 1392
24 1 1491 1 1508
24 1 1678 1 1321
24 2 731 3 2266
24 1 2254 1 745
24 2 836 3 2161
25 1 1660 1 1339
25 1 1586 1 1413
25 2 774 3 2223
25 1 1694 1 1305
25 1 1625 1 1374
25 1 1575 1 1424
25 1 1573 1 1426
25 2 1616 2 1382
25 1 1537 1 1462
25 2 823 3 2174
26 2 886 3 2111
26 1 1765 1 1234
26 2 950 2 2048
26 1 1530 1 1469
26 2 917 3 2080
26 1 1558 1 1441
26 1 1634 1 1365
26 1 1489 1 1510
26 2 800 3 2197
26 1 1538 1 1461
27 1 1542 1 1457
27 1 1684 1 1315
27 1 1578 1 1421
27 1 1495 1 1504
27 2 949 2 2049
27 2 932 3 2065
27 1 1574 1 1425
27 2 975 2 2023
27 1 1646 1 1353
27 2 882 3 2115
28 1 1675 1 1324
28 1 1630 1 1369
28 1 1596 1 1403
28 2 939 2 2059
28 1 1572 1 1427
28 1 1535 1 1464
28 1 1649 1 1350
28 1 1706 1 1293
28 1 1675 1 1324
28 1 1649 1 1350
29 2 867 3 2130
29 1 1663 1 1336
29 1 1743 1 1256
29 2 1032 2 1966
29 2 1015 2 1983
29 1 1573 1 1426
29 1 1549 1 1450
29 1 1585 1 1414
29 1 1662 1 1337
29 1 1706 1 1293
30 1 1611 1 1388
30 1 1665 1 1334
30 1 1520 1 1479
30 2 1092 2 1906
30 1 1604 1 1395
30 2 942 2 2056
30 1 1623 1 1376
30 2 968 2 2030
30 1 1679 1 1320
30 2 1553 2 1445
31 1 1530 1 1469
31 1 2206 1 793
31 2 950 2 2048
31 1 1574 1 1425
31 1 1524 1 1475
31 2 1041 2 1957
31 1 1599 1 1400
31 1 1733 1 1266
31 2 1102 2 1896
31 1 1699 1 1300
32 1 1683 1 1316
32 1 1678 1 1321
32 2 933 2 2065
32 1 1605 1 1394
32 1 1546 1 1453
32 1 1727 1 1272
32 2 1025 2 1973
32 2 828 6 2166
32 2 1156 2 1842
32 1 1761 1 1238
33 2 1028 2 1970
33 1 1678 1 1321
33 1 1557 1 1442
33 1 1606 1 1393
33 1 1638 1 1361
33 1 1710 1 1289
33 2 1115 2 1883
33 1 1604 1 1395
33 1 1670 1 1329
33 2 1024 2 1974
34 1 1756 1 1243
34 1 1744 1 1255
34 2 1051 2 1947
34 1 1760 1 1239
34 1 1606 1 1393
34 2 1028 2 1970
34 1 1670 1 1329
34 2 995 2 2003
34 1 1526 1 1473
34 1 1526 1 1473
35 2 893 3 2104
35 2 1101 2 1897
35 2 1040 2 1958
35 1 1664 1 1335
35 2 860 3 2137
35 1 1727 1 1272
35 2 955 3 2042
35 2 1064 2 1934
35 2 1130 2 1868
35 2 1024 2 1974
36 1 1587 1 1412
36 1 1701 1 1298
36 2 1023 2 1975
36 2 1020 2 1978
36 1 1795 1 1204
36 1 1586 1 1413
36 2 953 3 2044
36 2 1004 2 1994
36 2 1125 2 1873
36 1 1640 1 1359
37 1 1637 1 1362
37 2 894 2 2104
37 2 1000 2 1998
37 2 1014 2 1984
37 2 974 3 2023
37 2 952 2 2046
37 1 1714 1 1285
37 2 989 2 2009
37 2 938 2 2060
37 1 1663 1 1336
38 2 1119 2 1879
38 1 1784 1 1215
38 2 1008 2 1990
38 1 1841 1 1158
38 1 1676 1 1323
38 1 1804 1 1195
38 1 1697 1 1302
38 2 791 4 2205
38 1 1712 1 1287
38 2 1173 2 1825
39 2 992 3 2005
39 1 1799 1 1200
39 2 1087 3 1910
39 2 1128 2 1870
39 1 1649 1 1350
39 2 1014 3 1983
39 2 1114 2 1884
39 1 1805 1 1194
39 1 1642 1 1357
39 2 1082 2 1916
40 2 1247 2 1751
40 1 1576 1 1423
40 2 1273 2 1725
40 1 1587 1 1412
40 2 1301 2 1697
40 1 1537 1 1462
40 2 1090 2 1908
40 1 1712 1 1287
40 1 1763 1 1236
40 1 1644 1 1355
41 1 1654 1 1345
41 1 1709 1 1290
41 1 1746 1 1253
41 1 1666 1 1333
41 1 1628 1 1371
41 2 1103 2 1895
41 1 1912 1 1087
41 1 2301 1 698
41 2 1142 2 1856
41 2 1013 3 1984
42 1 2463 1 536
42 1 1704 1 1295
42 2 1026 2 1972
42 1 1588 1 1411
42 1 1878 1 1121
42 1 1725 1 1274
42 2 962 2 2036
42 2 1091 2 1907
42 2 1390 2 1608
42 1 1718 1 1281
43 1 1874 1 1125
43 2 1009 2 1989
43 2 1343 2 1655
43 1 1719 1 1280
43 2 1385 2 1613
43 1 1762 1 1237
43 1 1841 1 1158
43 1 1751 1 1248
43 1 1622 1 1377
43 2 1095 2 1903
44 1 1600 1 1399
44 1 1864 1 1135
44 1 1699 1 1300
44 2 1025 3 1972
44 1 1691 1 1308
44 1 1870 1 1129
44 2 1136 3 1861
44 1 1812 1 1187
44 2 1271 2 1727
44 2 1021 2 1977
45 1 1875 1 1124
45 1 1773 1 1226
45 2 1205 2 1793
45 1 1636 1 1363
45 2 1216 2 1782
45 2 978 3 2019
45 2 1171 2 1827
45 1 1733 1 1266
45 2 1232 2 1766
45 1 1715 1 1284
46 2 869 5 2126
46 1 1831 1 1168
46 2 1079 2 1919
46 2 1234 2 1764
46 2 1252 2 1746
46 1 1591 1 1408
46 2 1153 2 1845
46 1 1816 1 1183
46 2 1030 2 1968
46 2 1220 2 1778
47 2 1166 2 1832
47 2 1006 2 1992
47 2 1136 2 1862
47 1 1746 1 1253
47 2 1130 2 1868
47 2 1654 2 1344
47 1 1862 1 1137
47 1 1719 1 1280
47 2 1033 3 1964
47 1 1708 1 1291
48 2 929 3 2068
48 1 1623 1 1376
48 2 974 3 2023
48 1 1848 1 1151
48 1 1832 1 1167
48 1 1879 1 1120
48 2 1066 3 1931
48 2 1064 2 1934
48 2 1258 2 1740
48 2 1168 2 1830
49 1 1813 1 1186
49 1 1738 1 1261
49 1 1679 1 1320
49 1 1927 1 1072
49 2 966 4 2030
49 1 1643 1 1356
49 2 1265 2 1733
49 2 966 4 2030
49 2 1113 2 1885
49 2 1175 2 1823
50 1 1693 1 1306
50 1 1873 1 1126
50 1 1918 1 1081
50 2 1062 2 1936
50 1 1725 1 1274
50 2 1091 2 1907
50 2 1079 3 1918
50 1 1760 1 1239
50 2 976 6 2018
50 1 1697 1 1302
51 1 1967 1 1032
51 1 1967 1 1032
51 1 1786 1 1213
51 2 1305 2 1693
51 2 1178 2 1820
51 2 1109 2 1889
51 2 957 4 2039
51 1 1840 1 1159
51 1 1797 1 1202
51 2 1130 2 1868
52 1 1721 1 1278
52 1 1656 1 1343
52 2 887 6 2107
52 1 1663 1 1336
52 1 2015 1 984
52 2 1371 2 1627
52 2 1261 3 1736
52 1 1860 1 1139
52 1 1987 1 1012
52 1 1732 1 1267
53 1 1924 1 1075
53 1 1673 1 1326
53 1 1826 1 1173
53 2 830 6 2164
53 2 1239 2 1759
53 2 1027 3 1970
53 2 1171 2 1827
53 2 1232 2 1766
53 2 1545 3 1452
53 1 1995 1 1004
54 1 1993 1 1006
54 2 1241 2 1757
54 1 1784 1 1215
54 2 1404 2 1594
54 1 1864 1 1135
54 2 1419 2 1579
54 2 1272 2 1726
54 1 1830 1 1169
54 2 846 4 2150
54 2 1433 2 1565
55 1 1604 1 1395
55 2 1004 5 1991
55 1 1640 1 1359
55 2 1265 3 1732
55 1 1725 1 1274
55 2 1331 2 1667
55 1 1911 1 1088
55 2 922 4 2074
55 2 1199 2 1799
55 1 2020 1 979
56 2 1107 4 1889
56 2 972 4 2024
56 1 1756 1 1243
56 2 1110 3 1887
56 1 1923 1 1076
56 2 1348 2 1650
56 1 1753 1 1246
56 2 1224 2 1774
56 1 1858 1 1141
56 2 1310 2 1688
57 1 1815 1 1184
57 2 876 4 2120
57 2 1182 4 1814
57 1 2146 1 853
57 1 1992 1 1007
57 2 1155 3 1842
57 2 1260 3 1737
57 2 1345 3 1652
57 1 1896 1 1103
57 1 1673 1 1326
58 1 1924 1 1075
58 2 1170 5 1825
58 1 1966 1 1033
58 2 1362 3 1635
58 1 1751 1 1248
58 2 1217 2 1781
58 1 1698 1 1301
58 1 1830 1 1169
58 2 1330 3 1667
58 1 1848 1 1151
59 2 1169 2 1829
59 2 1295 3 1702
59 2 1539 2 1459
59 1 1718 1 1281
59 3 773 7 2220
59 2 1371 2 1627
59 1 2454 1 545
59 1 1995 1 1004
59 2 1028 4 1968
59 1 1922 1 1077
60 2 940 5 2055
60 1 2040 1 959
60 2 1360 3 1637
60 1 1904 1 1095
60 1 1913 1 1086
60 1 1818 1 1181
60 2 1353 2 1645
60 1 1773 1 1226
60 2 1285 3 1712
60 2 1195 3 1802
61 2 1302 2 1696
61 2 1024 7 1969
61 1 1865 1 1134
61 2 1607 2 1391
61 2 1114 4 1882
61 2 898 6 2096
61 2 1554 2 1444
61 2 1139 5 1856
61 2 1272 4 1724
61 2 1186 3 1811
62 1 1956 1 1043
62 2 1481 2 1517
62 2 1078 6 1916
62 1 1847 1 1152
62 2 1486 2 1512
62 2 1278 2 1720
62 2 1399 2 1599
62 2 1602 2 1396
62 1 2015 1 984
62 2 1506 3 1491
63 2 1389 2 1609
63 2 1259 6 1735
63 2 1309 2 1689
63 2 1187 4 1809
63 1 1795 1 1204
63 2 1242 3 1755
63 1 1805 1 1194
63 2 1254 3 1743
63 1 2010 1 989
63 2 1381 4 1615
64 2 1149 4 1847
64 2 1296 4 1700
64 2 1087 6 1907
64 2 1396 2 1602
64 1 1826 1 1173
64 2 1282 2 1716
64 2 1357 2 1641
64 2 1184 3 1813
64 2 1857 2 1141
64 2 1272 3 1725
65 2 1158 4 1838
65 2 1509 4 1487
65 2 1054 5 1941
65 1 1679 1 1320
65 1 1822 1 1177
65 2 1236 5 1759
65 2 1075 10 1915
65 2 1461 3 1536
65 2 1492 2 1506
65 1 2018 1 981
66 2 1021 5 1974
66 2 1477 2 1521
66 1 1667 1 1332
66 2 1739 2 1259
66 2 1387 2 1611
66 2 1604 2 1394
66 2 1213 4 1783
66 2 1167 3 1830
66 1 1813 1 1186
66 3 817 10 2173
67 1 1817 1 1182
67 2 1127 6 1867
67 1 2076 1 923
67 2 1403 2 1595
67 2 1606 2 1392
67 2 1380 4 1616
67 2 1436 3 1561
67 2 1104 7 1889
67 1 1938 1 1061
67 2 1496 2 1502
68 3 1616 6 1378
68 2 1336 4 1660
68 2 1326 3 1671
68 2 1458 3 1539
68 1 1861 1 1138
68 2 1518 3 1479
68 1 1868 1 1131
68 2 1592 2 1406
68 1 1785 1 1214
68 2 1337 4 1659
69 2 1048 7 1945
69 2 1422 2 1576
69 1 1795 1 1204
69 2 1633 2 1365
69 2 1422 3 1575
69 2 1198 9 1793
69 1 1878 1 1121
69 1 2019 1 980
69 1 1919 1 1080
69 3 950 7 2043
70 1 2070 1 929
70 2 1069 11 1920
70 2 1544 2 1454
70 2 1316 3 1681
70 2 1187 3 1810
70 1 1796 1 1203
70 1 1863 1 1136
70 1 2119 1 880
70 2 1321 3 1676
70 1 1965 1 1034
71 2 1670 2 1328
71 2 1176 3 1821
71 2 936 5 2059
71 2 1681 2 1317
71 1 2069 1 930
71 2 1518 4 1478
71 3 775 10 2215
71 2 1201 9 1790
71 2 1415 5 1580
71 3 941 10 2049
72 2 1230 8 1762
72 2 1503 2 1495
72 2 1961 2 1037
72 2 1470 3 1527
72 1 2085 1 914
72 3 728 17 2255
72 1 2202 1 797
72 2 1250 2 1748
72 2 1885 2 1113
72 1 1960 1 1039
73 1 2024 1 975
73 1 1876 1 1123
73 1 2104 1 895
73 1 2033 1 966
73 2 1366 3 1631
73 2 1046 16 1938
73 2 1514 6 1480
73 2 1676 3 1321
73 1 1810 1 1189
73 2 1376 10 1614
74 2 1468 4 1528
74 1 2124 1 875
74 1 2025 1 974
74 2 1212 8 1780
74 2 1400 5 1595
74 2 1303 12 1685
74 2 1631 2 1367
74 2 1672 2 1326
74 1 1961 1 1038
74 2 1381 2 1617
75 2 1484 3 1513
75 2 1637 2 1361
75 1 2001 1 998
75 2 1565 8 1427
75 1 2079 1 920
75 2 1164 8 1828
75 2 1170 5 1825
75 1 2123 1 876
75 2 1467 5 1528
75 2 1538 6 1456
76 3 951 7 2042
76 2 1244 8 1748
76 2 1763 3 1234
76 2 1232 4 1764
76 2 1337 14 1649
76 2 1480 6 1514
76 2 1160 5 1835
76 2 1418 3 1579
76 2 1455 3 1542
76 1 2190 1 809
77 1 2089 1 910
77 2 1441 9 1550
77 2 1160 8 1832
77 3 988 9 2003
77 2 1397 11 1592
77 1 1923 1 1076
77 2 1537 2 1461
77 1 2120 1 879
77 2 1474 6 1520
77 2 1191 5 1804
78 1 2115 1 884
78 1 1996 1 1003
78 1 2179 1 820
78 2 1609 4 1387
78 2 1463 5 1532
78 1 2159 1 840
78 2 1407 6 1587
78 2 1651 2 1347
78 2 1546 2 1452
78 2 1744 2 1254
79 2 1465 9 1526
79 2 1601 10 1389
79 2 1532 8 1460
79 2 1536 4 1460
79 3 1353 4 1643
79 2 1446 8 1546
79 1 2134 1 865
79 2 1472 4 1524
79 1 2151 1 848
79 2 1592 11 1397
80 3 918 15 2067
80 2 2120 2 878
80 2 2268 3 729
80 2 1800 3 1197
80 2 1781 3 1216
80 1 2135 1 864
80 1 1936 1 1063
80 2 1418 6 1576
80 2 1283 10 1707
80 2 1183 5 1812
81 2 1659 4 1337
81 3 1244 5 1751
81 2 1483 6 1511
81 1 1907 1 1092
81 2 1758 5 1237
81 1 2172 1 827
81 2 1653 2 1345
81 4 931 27 2042
81 1 2053 1 946
81 2 1967 2 1031
82 1 1857 1 1142
82 2 1866 2 1132
82 1 2097 1 902
82 2 1713 2 1285
82 2 1494 4 1502
82 2 1453 6 1541
82 4 763 30 2207
82 4 904 17 2079
82 2 1866 2 1132
82 1 1922 1 1077
83 2 1544 2 1454
83 2 1476 4 1520
83 5 603 30 2367
83 4 972 23 2005
83 2 1734 5 1261
83 2 1753 4 1243
83 1 2228 1 771
83 1 2375 1 624
83 1 2173 1 826
83 1 2043 1 956
84 1 2151 1 848
84 1 2144 1 855
84 2 1798 4 1198
84 1 2242 1 757
84 2 1671 4 1325
84 2 1937 2 1061
84 2 1409 9 1582
84 1 2176 1 823
84 4 1313 13 1674
84 2 1720 4 1276
85 1 2118 1 881
85 2 2013 3 984
85 3 1091 26 1883
85 2 1903 2 1095
85 2 1944 2 1054
85 2 1918 3 1079
85 1 2177 1 822
85 1 2111 1 888
85 1 2243 1 756
85 2 1539 8 1453
86 2 2332 2 666
86 2 1891 2 1107
86 2 1501 17 1482
86 2 2351 2 647
86 1 2178 1 821
86 1 2230 1 769
86 2 1197 31 1772
86 5 971 12 2017
86 2 1707 2 1291
86 5 911 32 2057
87 2 1938 6 1056
87 2 1781 3 1216
87 2 2205 2 793
87 1 2686 1 313
87 2 2244 2 754
87 1 2143 1 856
87 3 1173 22 1805
87 2 1579 11 1410
87 2 1793 5 1202
87 4 1229 10 1761
88 4 990 23 1987
88 2 2408 2 590
88 2 1753 3 1244
88 5 807 57 2136
88 2 2073 8 919
88 2 1450 8 1542
88 6 570 81 2349
88 2 2018 4 978
88 4 988 12 2000
88 2 2006 8 986
89 3 1429 7 1564
89 2 1952 4 1044
89 6 775 58 2167
89 3 1135 20 1845
89 1 2189 1 810
89 6 1021 55 1924
89 6 691 79 2230
89 1 2207 1 792
89 8 814 93 2093
89 5 773 44 2183
90 6 833 27 2140
90 2 2235 2 763
90 4 1298 40 1662
90 2 1779 3 1218
90 9 801 24 2175
90 4 866 53 2081
90 5 938 27 2035
90 5 1113 16 1871
90 7 852 21 2127
90 3 1678 11 1311
91 2 1768 5 1227
91 2 1761 22 1217
91 2 1899 5 1096
91 2 2295 2 703
91 7 547 142 2311
91 5 1050 44 1906
91 2 1674 5 1321
91 2 1730 17 1253
91 2 1482 4 1514
91 2 1552 24 1424
92 6 786 96 2118
92 1 2328 1 671
92 2 2476 2 522
92 11 566 89 2345
92 7 780 110 2110
92 7 661 92 2247
92 1 2334 1 665
92 8 537 144 2319
92 2 2043 8 949
92 9 575 221 2204
93 9 340 307 2353
93 2 2055 14 931
93 10 634 175 2191
93 9 579 156 2265
93 9 528 134 2338
93 4 1323 16 1661
93 7 1078 77 1845
93 11 608 112 2280
93 8 476 163 2361
93 8 480 185 2335
94 6 707 149 2144
94 9 811 86 2103
94 1 2233 1 766
94 8 772 109 2119
94 8 251 513 2236
94 5 1204 34 1762
94 6 851 73 2076
94 2 2319 2 679
94 8 904 107 1989
94 2 1805 6 1189
95 1 2270 1 729
95 10 445 330 2225
95 8 580 257 2163
95 9 536 198 2266
95 8 335 539 2126
95 9 388 407 2205
95 13 390 180 2430
95 10 461 315 2224
95 10 340 400 2260
95 9 641 257 2102
96 2 2260 62 678
96 11 964 79 1957
96 8 488 378 2134
96 8 281 673 2046
96 8 347 582 2071
96 3 1605 57 1338
96 9 435 467 2098
96 9 293 568 2139
96 9 387 561 2052
96 2 2516 2 482
97 9 264 1027 1709
97 10 221 978 1801
97 10 282 975 1743
97 11 244 859 1897
97 1 2329 1 670
97 11 437 569 1994
97 9 469 568 1963
97 8 166 1340 1494
97 14 221 735 2044
97 11 307 885 1808
98 8 166 1789 1045
98 10 117 1726 1157
98 11 131 1630 1239
98 8 146 1875 979
98 1 2344 1 655
98 8 146 1816 1038
98 8 153 1856 991
98 8 225 1653 1122
98 9 181 1436 1383
98 9 185 1702 1113
99 8 0 3000 0
99 8 0 3000 0
99 8 0 3000 0
99 8 0 3000 0
99 8 0 3000 0
99 8 0 3000 0
99 8 0 3000 0
99 8 0 3000 0
99 8 0 3000 0
99 8 0 3000 0
